545;0;0.0000;-0.0003;-0.0520;6.3628;21.916400
545;1;0.0000;-0.0002;-0.0519;6.3160;21.916404
545;2;0.0000;-0.0002;-0.0519;6.2160;21.916408
545;3;0.0000;-0.0002;-0.0520;6.1926;21.916412
545;4;0.0000;-0.0001;-0.0524;6.2798;21.916416
545;5;0.0000;-0.0001;-0.0526;6.4607;21.916420
545;6;0.0000;-0.0001;-0.0524;6.6480;21.916424
545;7;0.0000;0.0000;-0.0523;6.7075;21.916428
545;8;0.0000;0.0000;-0.0524;6.5820;21.916432
545;9;0.0000;0.0000;-0.0522;6.4245;21.916436
545;10;0.0000;0.0001;-0.0524;6.3713;21.916440
545;11;-0.0001;0.0001;-0.0526;6.4011;21.916444
545;12;-0.0001;0.0001;-0.0526;6.3862;21.916448
545;13;-0.0001;0.0001;-0.0524;6.3415;21.916452
545;14;-0.0001;0.0002;-0.0522;6.3500;21.916456
545;15;-0.0001;0.0002;-0.0522;6.4841;21.916460
545;16;-0.0001;0.0002;-0.0523;6.6607;21.916464
545;17;-0.0001;0.0003;-0.0523;6.6905;21.916468
545;18;-0.0001;0.0003;-0.0522;6.5033;21.916472
545;19;-0.0001;0.0003;-0.0520;6.2628;21.916476
545;20;-0.0001;0.0004;-0.0519;6.2330;21.916480
545;21;-0.0001;0.0004;-0.0520;6.4011;21.916484
545;22;-0.0001;0.0004;-0.0520;6.5990;21.916488
545;23;-0.0001;0.0005;-0.0521;6.7309;21.916492
545;24;-0.0001;0.0005;-0.0523;6.7480;21.916496
545;25;-0.0001;0.0005;-0.0523;6.7161;21.916500
545;26;-0.0001;0.0006;-0.0521;6.6799;21.916504
545;27;-0.0001;0.0006;-0.0521;6.6735;21.916508
545;28;-0.0001;0.0006;-0.0525;6.7416;21.916512
545;29;-0.0001;0.0007;-0.0525;6.7012;21.916516
545;30;-0.0001;0.0007;-0.0524;6.5309;21.916520
545;31;-0.0001;0.0007;-0.0520;6.3862;21.916524
545;32;-0.0001;0.0008;-0.0520;6.3309;21.916528
545;33;-0.0001;0.0008;-0.0524;6.4181;21.916532
545;34;-0.0001;0.0008;-0.0524;6.5607;21.916536
545;35;-0.0001;0.0009;-0.0524;6.6097;21.916540
545;36;-0.0001;0.0009;-0.0526;6.5671;21.916544
545;37;-0.0001;0.0009;-0.0526;6.4777;21.916548
545;38;-0.0001;0.0010;-0.0524;6.3841;21.916552
545;39;-0.0001;0.0010;-0.0524;6.2713;21.916556
545;40;-0.0001;0.0010;-0.0522;6.1606;21.916560
545;41;-0.0001;0.0011;-0.0524;6.1585;21.916564
545;42;-0.0001;0.0011;-0.0524;6.2670;21.916568
545;43;-0.0001;0.0011;-0.0526;6.4011;21.916572
545;44;-0.0001;0.0012;-0.0526;6.4522;21.916576
545;45;-0.0001;0.0012;-0.0526;6.3479;21.916580
545;46;-0.0001;0.0012;-0.0524;6.2415;21.916584
545;47;-0.0001;0.0013;-0.0524;6.2075;21.916588
545;48;-0.0001;0.0013;-0.0522;6.1819;21.916592
545;49;-0.0001;0.0013;-0.0520;6.0500;21.916596
545;50;-0.0001;0.0013;-0.0519;5.8308;21.916600
545;51;-0.0001;0.0014;-0.0520;5.7265;21.916604
545;52;-0.0001;0.0014;-0.0524;5.8095;21.916608
545;53;-0.0001;0.0015;-0.0526;5.9627;21.916612
545;54;-0.0001;0.0015;-0.0524;6.0500;21.916616
545;55;-0.0001;0.0015;-0.0524;6.0947;21.916620
545;56;-0.0001;0.0015;-0.0524;6.1585;21.916624
545;57;-0.0001;0.0016;-0.0526;6.1798;21.916628
545;58;-0.0001;0.0016;-0.0526;6.1287;21.916632
545;59;-0.0001;0.0016;-0.0526;6.1479;21.916636
545;60;-0.0001;0.0017;-0.0527;6.1734;21.916640
545;61;-0.0001;0.0017;-0.0524;6.0691;21.916644
545;62;-0.0001;0.0017;-0.0522;5.9968;21.916648
545;63;-0.0001;0.0018;-0.0524;6.1074;21.916652
545;64;-0.0001;0.0018;-0.0527;6.2521;21.916656
545;65;-0.0001;0.0018;-0.0526;6.2819;21.916660
545;66;-0.0001;0.0019;-0.0524;6.1415;21.916664
545;67;-0.0001;0.0019;-0.0522;6.0010;21.916668
545;68;-0.0001;0.0019;-0.0526;5.9457;21.916672
545;69;-0.0001;0.0020;-0.0527;5.8712;21.916676
545;70;-0.0001;0.0020;-0.0526;5.7861;21.916680
545;71;-0.0001;0.0020;-0.0524;5.8393;21.916684
545;72;-0.0001;0.0021;-0.0529;6.0351;21.916688
545;73;-0.0001;0.0021;-0.0531;6.1394;21.916692
545;74;-0.0001;0.0021;-0.0527;6.0521;21.916696
545;75;-0.0001;0.0022;-0.0525;5.9202;21.916700
545;76;-0.0001;0.0022;-0.0525;5.9287;21.916704
545;77;-0.0001;0.0022;-0.0525;6.0627;21.916708
545;78;-0.0001;0.0022;-0.0523;6.1330;21.916712
545;79;-0.0001;0.0023;-0.0521;6.0819;21.916716
545;80;-0.0001;0.0023;-0.0523;5.9968;21.916720
545;81;-0.0001;0.0023;-0.0523;5.8968;21.916724
545;82;-0.0001;0.0024;-0.0519;5.6648;21.916728
545;83;-0.0001;0.0024;-0.0518;5.4329;21.916732
545;84;-0.0001;0.0024;-0.0518;5.4690;21.916736
545;85;-0.0001;0.0025;-0.0519;5.7648;21.916740
545;86;-0.0001;0.0025;-0.0525;6.0925;21.916744
545;87;-0.0001;0.0026;-0.0526;6.2309;21.916748
545;88;-0.0001;0.0026;-0.0525;6.1457;21.916752
545;89;-0.0001;0.0026;-0.0521;5.9840;21.916756
545;90;-0.0001;0.0026;-0.0523;5.8563;21.916760
545;91;-0.0001;0.0027;-0.0525;5.7521;21.916764
545;92;-0.0001;0.0027;-0.0523;5.6435;21.916768
545;93;-0.0001;0.0027;-0.0523;5.5669;21.916772
545;94;-0.0001;0.0028;-0.0523;5.5371;21.916776
545;95;-0.0001;0.0028;-0.0525;5.5180;21.916780
545;96;-0.0001;0.0028;-0.0525;5.5180;21.916784
545;97;-0.0001;0.0029;-0.0525;5.5584;21.916788
545;98;-0.0001;0.0029;-0.0525;5.6435;21.916792
545;99;-0.0001;0.0029;-0.0526;5.6989;21.916796
545;100;-0.0001;0.0030;-0.0526;5.7457;21.916800
545;101;-0.0001;0.0030;-0.0526;5.7627;21.916804
545;102;-0.0001;0.0030;-0.0525;5.7350;21.916808
545;103;-0.0001;0.0031;-0.0525;5.6648;21.916812
545;104;-0.0001;0.0031;-0.0526;5.6116;21.916816
545;105;-0.0001;0.0031;-0.0526;5.5648;21.916820
545;106;-0.0001;0.0032;-0.0526;5.5137;21.916824
545;107;-0.0001;0.0032;-0.0526;5.4967;21.916828
545;108;-0.0001;0.0032;-0.0525;5.5009;21.916832
545;109;-0.0001;0.0033;-0.0525;5.4839;21.916836
545;110;-0.0001;0.0033;-0.0523;5.4626;21.916840
545;111;-0.0001;0.0033;-0.0525;5.4669;21.916844
545;112;-0.0001;0.0034;-0.0526;5.4818;21.916848
545;113;-0.0001;0.0034;-0.0526;5.4307;21.916852
545;114;-0.0001;0.0034;-0.0524;5.2988;21.916856
545;115;-0.0001;0.0034;-0.0522;5.1668;21.916860
545;116;-0.0001;0.0035;-0.0524;5.0839;21.916864
545;117;-0.0001;0.0035;-0.0526;5.0434;21.916868
545;118;-0.0001;0.0036;-0.0527;5.0285;21.916872
545;119;-0.0001;0.0036;-0.0527;5.0541;21.916876
545;120;-0.0001;0.0036;-0.0527;5.1583;21.916880
545;121;-0.0001;0.0037;-0.0527;5.2881;21.916884
545;122;-0.0001;0.0037;-0.0526;5.3456;21.916888
545;123;-0.0001;0.0037;-0.0526;5.3499;21.916892
545;124;-0.0001;0.0037;-0.0526;5.3669;21.916896
545;125;-0.0001;0.0038;-0.0527;5.4052;21.916900
545;126;-0.0001;0.0038;-0.0527;5.4052;21.916904
545;127;-0.0001;0.0038;-0.0526;5.3413;21.916908
545;128;-0.0001;0.0039;-0.0526;5.3030;21.916912
545;129;-0.0001;0.0039;-0.0526;5.3052;21.916916
545;130;-0.0001;0.0039;-0.0526;5.1988;21.916920
545;131;-0.0001;0.0040;-0.0525;5.0264;21.916924
545;132;-0.0001;0.0040;-0.0523;5.0009;21.916928
545;133;-0.0001;0.0040;-0.0523;5.0690;21.916932
545;134;-0.0001;0.0041;-0.0523;5.0753;21.916936
545;135;-0.0001;0.0041;-0.0525;5.0519;21.916940
545;136;-0.0001;0.0041;-0.0526;5.0753;21.916944
545;137;-0.0001;0.0042;-0.0528;5.1051;21.916948
545;138;-0.0001;0.0042;-0.0530;5.0924;21.916952
545;139;-0.0001;0.0043;-0.0528;5.0583;21.916956
545;140;-0.0001;0.0043;-0.0530;5.0647;21.916960
545;141;-0.0001;0.0043;-0.0528;5.1094;21.916964
545;142;-0.0001;0.0043;-0.0526;5.1285;21.916968
545;143;-0.0001;0.0044;-0.0525;5.0860;21.916972
545;144;-0.0001;0.0044;-0.0525;5.0009;21.916976
545;145;-0.0001;0.0044;-0.0526;4.9243;21.916980
545;146;-0.0001;0.0045;-0.0530;4.9179;21.916984
545;147;-0.0001;0.0045;-0.0530;4.9838;21.916988
545;148;-0.0001;0.0046;-0.0530;5.0392;21.916992
545;149;-0.0001;0.0046;-0.0530;5.0434;21.916996
545;150;-0.0001;0.0046;-0.0530;5.0179;21.917000
545;151;-0.0001;0.0046;-0.0526;4.9860;21.917004
545;152;-0.0001;0.0047;-0.0528;4.9072;21.917008
545;153;-0.0001;0.0047;-0.0528;4.8370;21.917012
545;154;-0.0001;0.0047;-0.0528;4.7944;21.917016
545;155;-0.0001;0.0048;-0.0528;4.7349;21.917020
545;156;-0.0001;0.0048;-0.0532;4.6987;21.917024
545;157;-0.0001;0.0049;-0.0533;4.6923;21.917028
545;158;-0.0001;0.0049;-0.0533;4.6668;21.917032
545;159;-0.0001;0.0049;-0.0530;4.6902;21.917036
545;160;-0.0001;0.0049;-0.0528;4.7817;21.917040
545;161;-0.0001;0.0050;-0.0528;4.8157;21.917044
545;162;-0.0001;0.0050;-0.0528;4.7647;21.917048
545;163;-0.0001;0.0051;-0.0530;4.7157;21.917052
545;164;-0.0001;0.0051;-0.0530;4.6944;21.917056
545;165;-0.0001;0.0051;-0.0527;4.6348;21.917060
545;166;-0.0001;0.0051;-0.0527;4.5965;21.917064
545;167;-0.0001;0.0052;-0.0527;4.6476;21.917068
545;168;-0.0001;0.0052;-0.0529;4.6731;21.917072
545;169;-0.0001;0.0052;-0.0527;4.5838;21.917076
545;170;-0.0001;0.0052;-0.0525;4.4667;21.917080
545;171;-0.0001;0.0053;-0.0529;4.4348;21.917084
545;172;-0.0001;0.0053;-0.0529;4.4518;21.917088
545;173;-0.0001;0.0054;-0.0529;4.4220;21.917092
545;174;-0.0001;0.0054;-0.0529;4.3710;21.917096
545;175;-0.0001;0.0054;-0.0529;4.3433;21.917100
545;176;-0.0001;0.0055;-0.0528;4.3114;21.917104
545;177;-0.0001;0.0055;-0.0525;4.2624;21.917108
545;178;-0.0001;0.0055;-0.0525;4.2326;21.917112
545;179;-0.0001;0.0055;-0.0523;4.2135;21.917116
545;180;-0.0001;0.0055;-0.0523;4.2177;21.917120
545;181;-0.0001;0.0056;-0.0521;4.2922;21.917124
545;182;-0.0001;0.0056;-0.0523;4.3348;21.917128
545;183;-0.0001;0.0057;-0.0526;4.3071;21.917132
545;184;-0.0001;0.0057;-0.0528;4.2284;21.917136
545;185;-0.0001;0.0058;-0.0528;4.1475;21.917140
545;186;-0.0001;0.0058;-0.0526;4.0730;21.917144
545;187;-0.0001;0.0058;-0.0526;4.0198;21.917148
545;188;-0.0001;0.0058;-0.0526;4.0113;21.917152
545;189;-0.0001;0.0059;-0.0528;4.0177;21.917156
545;190;-0.0001;0.0059;-0.0528;3.9922;21.917160
545;191;-0.0001;0.0059;-0.0528;3.9220;21.917164
545;192;-0.0001;0.0060;-0.0528;3.8581;21.917168
545;193;-0.0001;0.0060;-0.0530;3.8964;21.917172
545;194;-0.0001;0.0061;-0.0531;3.9943;21.917176
545;195;-0.0001;0.0061;-0.0531;3.9773;21.917180
545;196;-0.0001;0.0061;-0.0527;3.8432;21.917184
545;197;-0.0001;0.0062;-0.0529;3.7347;21.917188
545;198;-0.0001;0.0062;-0.0532;3.6687;21.917192
545;199;-0.0001;0.0062;-0.0529;3.6198;21.917196
545;200;-0.0001;0.0062;-0.0527;3.5581;21.917200
545;201;-0.0001;0.0063;-0.0527;3.5091;21.917204
545;202;-0.0001;0.0063;-0.0529;3.5240;21.917208
545;203;-0.0001;0.0064;-0.0529;3.5857;21.917212
545;204;-0.0001;0.0064;-0.0527;3.6027;21.917216
545;205;-0.0001;0.0064;-0.0524;3.5708;21.917220
545;206;-0.0001;0.0064;-0.0524;3.5198;21.917224
545;207;-0.0001;0.0065;-0.0527;3.4431;21.917228
545;208;-0.0001;0.0065;-0.0531;3.3687;21.917232
545;209;-0.0001;0.0066;-0.0535;3.3219;21.917236
545;210;-0.0001;0.0067;-0.0537;3.3091;21.917240
545;211;-0.0001;0.0067;-0.0537;3.3133;21.917244
545;212;-0.0001;0.0067;-0.0535;3.2772;21.917248
545;213;-0.0001;0.0067;-0.0533;3.1920;21.917252
545;214;-0.0001;0.0068;-0.0532;3.0963;21.917256
545;215;-0.0001;0.0068;-0.0532;3.0048;21.917260
545;216;-0.0001;0.0068;-0.0532;2.9643;21.917264
545;217;-0.0001;0.0068;-0.0530;2.9920;21.917268
545;218;-0.0001;0.0069;-0.0530;3.0154;21.917272
545;219;-0.0001;0.0069;-0.0531;2.9899;21.917276
545;220;-0.0001;0.0070;-0.0531;2.9431;21.917280
545;221;-0.0001;0.0070;-0.0532;2.8984;21.917284
545;222;-0.0001;0.0070;-0.0532;2.8473;21.917288
545;223;-0.0001;0.0071;-0.0532;2.8218;21.917292
545;224;-0.0001;0.0071;-0.0534;2.7898;21.917296
545;225;-0.0001;0.0072;-0.0536;2.7366;21.917300
545;226;-0.0001;0.0072;-0.0534;2.6983;21.917304
545;227;-0.0001;0.0072;-0.0536;2.6962;21.917308
545;228;-0.0001;0.0072;-0.0532;2.6749;21.917312
545;229;-0.0001;0.0073;-0.0534;2.5919;21.917316
545;230;-0.0001;0.0074;-0.0538;2.4898;21.917320
545;231;-0.0001;0.0074;-0.0539;2.4196;21.917324
545;232;-0.0001;0.0074;-0.0538;2.3855;21.917328
545;233;-0.0001;0.0075;-0.0539;2.3621;21.917332
545;234;-0.0001;0.0075;-0.0540;2.3302;21.917336
545;235;-0.0001;0.0076;-0.0540;2.2727;21.917340
545;236;-0.0001;0.0076;-0.0539;2.2089;21.917344
545;237;-0.0001;0.0076;-0.0539;2.1642;21.917348
545;238;-0.0001;0.0077;-0.0539;2.1302;21.917352
545;239;-0.0001;0.0077;-0.0541;2.1004;21.917356
545;240;-0.0001;0.0078;-0.0543;2.0791;21.917360
545;241;-0.0001;0.0078;-0.0543;2.0770;21.917364
545;242;-0.0001;0.0079;-0.0543;2.0748;21.917368
545;243;-0.0001;0.0079;-0.0545;2.0578;21.917372
545;244;-0.0001;0.0079;-0.0543;2.0216;21.917376
545;245;-0.0001;0.0079;-0.0541;1.9833;21.917380
545;246;-0.0001;0.0079;-0.0539;1.9557;21.917384
545;247;-0.0001;0.0080;-0.0541;1.9471;21.917388
545;248;-0.0001;0.0081;-0.0545;1.9557;21.917392
545;249;-0.0001;0.0081;-0.0547;1.9535;21.917396
545;250;-0.0001;0.0082;-0.0547;1.9301;21.917400
545;251;-0.0001;0.0081;-0.0541;1.8982;21.917404
545;252;-0.0001;0.0081;-0.0538;1.8663;21.917408
545;253;-0.0001;0.0081;-0.0536;1.8493;21.917412
545;254;-0.0001;0.0082;-0.0539;1.8493;21.917416
545;255;-0.0001;0.0083;-0.0541;1.8620;21.917420
545;256;-0.0001;0.0083;-0.0543;1.8854;21.917424
545;257;-0.0001;0.0083;-0.0541;1.8897;21.917428
545;258;-0.0001;0.0084;-0.0541;1.8556;21.917432
545;259;-0.0001;0.0084;-0.0542;1.8024;21.917436
545;260;-0.0001;0.0085;-0.0546;1.7556;21.917440
545;261;-0.0001;0.0085;-0.0546;1.7216;21.917444
545;262;-0.0001;0.0086;-0.0544;1.6982;21.917448
545;263;-0.0001;0.0086;-0.0544;1.6811;21.917452
545;264;-0.0001;0.0087;-0.0546;1.6726;21.917456
545;265;-0.0001;0.0087;-0.0546;1.6620;21.917460
545;266;-0.0001;0.0087;-0.0544;1.6535;21.917464
545;267;-0.0001;0.0087;-0.0542;1.6471;21.917468
545;268;-0.0001;0.0087;-0.0542;1.6386;21.917472
545;269;-0.0001;0.0088;-0.0544;1.6216;21.917476
545;270;-0.0001;0.0089;-0.0546;1.6088;21.917480
545;271;-0.0001;0.0089;-0.0544;1.5981;21.917484
545;272;-0.0001;0.0088;-0.0540;1.5875;21.917488
545;273;-0.0001;0.0089;-0.0542;1.5769;21.917492
545;274;-0.0001;0.0090;-0.0544;1.5684;21.917496
545;275;-0.0001;0.0090;-0.0546;1.5641;21.917500
545;276;-0.0001;0.0091;-0.0545;1.5598;21.917504
545;277;-0.0001;0.0091;-0.0546;1.5535;21.917508
545;278;-0.0001;0.0092;-0.0548;1.5449;21.917512
545;279;-0.0001;0.0092;-0.0546;1.5428;21.917516
545;280;-0.0001;0.0092;-0.0546;1.5364;21.917520
545;281;-0.0001;0.0092;-0.0546;1.5258;21.917524
545;282;-0.0001;0.0093;-0.0546;1.5215;21.917528
545;283;-0.0001;0.0093;-0.0548;1.5237;21.917532
545;284;-0.0001;0.0094;-0.0548;1.5194;21.917536
545;285;-0.0001;0.0094;-0.0545;1.5109;21.917540
545;286;-0.0001;0.0094;-0.0543;1.5045;21.917544
545;287;-0.0001;0.0094;-0.0541;1.5045;21.917548
545;288;-0.0001;0.0094;-0.0543;1.5109;21.917552
545;289;-0.0001;0.0095;-0.0543;1.5066;21.917556
545;290;-0.0001;0.0095;-0.0543;1.4981;21.917560
545;291;-0.0001;0.0096;-0.0545;1.4939;21.917564
545;292;-0.0001;0.0096;-0.0546;1.4939;21.917568
545;293;-0.0001;0.0096;-0.0545;1.4960;21.917572
545;294;-0.0001;0.0097;-0.0547;1.4917;21.917576
545;295;-0.0001;0.0097;-0.0547;1.4832;21.917580
545;296;-0.0001;0.0097;-0.0545;1.4790;21.917584
545;297;-0.0001;0.0098;-0.0545;1.4811;21.917588
545;298;-0.0001;0.0098;-0.0545;1.4769;21.917592
545;299;-0.0001;0.0098;-0.0545;1.4705;21.917596
545;300;-0.0001;0.0099;-0.0546;1.4683;21.917600
545;301;-0.0001;0.0099;-0.0546;1.4705;21.917604
545;302;-0.0001;0.0099;-0.0545;1.4705;21.917608
545;303;-0.0001;0.0100;-0.0545;1.4641;21.917612
545;304;-0.0001;0.0100;-0.0545;1.4577;21.917616
545;305;-0.0001;0.0100;-0.0545;1.4598;21.917620
545;306;-0.0001;0.0101;-0.0546;1.4620;21.917624
545;307;-0.0001;0.0101;-0.0546;1.4577;21.917628
545;308;-0.0001;0.0102;-0.0548;1.4513;21.917632
545;309;-0.0001;0.0102;-0.0546;1.4513;21.917636
545;310;-0.0001;0.0103;-0.0547;1.4492;21.917640
545;311;-0.0001;0.0103;-0.0547;1.4449;21.917644
545;312;-0.0001;0.0103;-0.0545;1.4428;21.917648
545;313;-0.0001;0.0103;-0.0544;1.4385;21.917652
545;314;-0.0001;0.0103;-0.0544;1.4364;21.917656
545;315;-0.0001;0.0104;-0.0544;1.4364;21.917660
545;316;-0.0001;0.0104;-0.0545;1.4364;21.917664
545;317;-0.0001;0.0105;-0.0547;1.4364;21.917668
545;318;-0.0001;0.0105;-0.0545;1.4322;21.917672
545;319;-0.0001;0.0105;-0.0545;1.4279;21.917676
545;320;-0.0001;0.0106;-0.0549;1.4258;21.917680
545;321;-0.0001;0.0107;-0.0549;1.4237;21.917684
545;322;-0.0001;0.0106;-0.0545;1.4258;21.917688
545;323;-0.0001;0.0106;-0.0544;1.4237;21.917692
545;324;-0.0001;0.0107;-0.0547;1.4194;21.917696
545;325;-0.0001;0.0108;-0.0550;1.4130;21.917700
545;326;-0.0001;0.0108;-0.0548;1.4088;21.917704
545;327;-0.0001;0.0108;-0.0543;1.4066;21.917708
545;328;-0.0001;0.0108;-0.0543;1.4066;21.917712
545;329;-0.0001;0.0109;-0.0544;1.4045;21.917716
545;330;-0.0001;0.0109;-0.0546;1.4002;21.917720
545;331;-0.0001;0.0110;-0.0546;1.3960;21.917724
545;332;-0.0001;0.0110;-0.0544;1.3939;21.917728
545;333;-0.0001;0.0110;-0.0543;1.3917;21.917732
545;334;-0.0001;0.0110;-0.0541;1.3917;21.917736
545;335;-0.0001;0.0110;-0.0539;1.3939;21.917740
545;336;-0.0001;0.0110;-0.0541;1.3875;21.917744
545;337;-0.0001;0.0111;-0.0541;1.3832;21.917748
545;338;-0.0001;0.0111;-0.0543;1.3811;21.917752
545;339;-0.0001;0.0112;-0.0544;1.3790;21.917756
545;340;-0.0001;0.0113;-0.0545;1.3726;21.917760
545;341;-0.0001;0.0113;-0.0547;1.3683;21.917764
545;342;-0.0001;0.0113;-0.0545;1.3619;21.917768
545;343;-0.0001;0.0113;-0.0543;1.3534;21.917772
545;344;-0.0001;0.0114;-0.0543;1.3470;21.917776
545;345;-0.0001;0.0114;-0.0543;1.3492;21.917780
545;346;-0.0001;0.0114;-0.0543;1.3492;21.917784
545;347;-0.0001;0.0115;-0.0543;1.3428;21.917788
545;348;-0.0001;0.0115;-0.0543;1.3343;21.917792
545;349;-0.0001;0.0116;-0.0545;1.3279;21.917796
545;350;-0.0001;0.0116;-0.0547;1.3215;21.917800
545;351;-0.0001;0.0117;-0.0547;1.3151;21.917804
545;352;-0.0001;0.0117;-0.0547;1.3109;21.917808
545;353;-0.0001;0.0117;-0.0546;1.3066;21.917812
545;354;-0.0001;0.0117;-0.0544;1.3024;21.917816
545;355;-0.0001;0.0118;-0.0546;1.2960;21.917820
545;356;-0.0001;0.0118;-0.0546;1.2896;21.917824
545;357;-0.0001;0.0119;-0.0546;1.2811;21.917828
545;358;-0.0001;0.0119;-0.0544;1.2768;21.917832
545;359;-0.0001;0.0119;-0.0544;1.2704;21.917836
545;360;-0.0001;0.0119;-0.0544;1.2619;21.917840
545;361;-0.0001;0.0120;-0.0546;1.2534;21.917844
545;362;-0.0001;0.0120;-0.0544;1.2492;21.917848
545;363;-0.0001;0.0120;-0.0544;1.2406;21.917852
545;364;-0.0001;0.0121;-0.0546;1.2364;21.917856
545;365;-0.0001;0.0121;-0.0544;1.2257;21.917860
545;366;-0.0001;0.0122;-0.0547;1.2130;21.917864
545;367;-0.0001;0.0123;-0.0548;1.2045;21.917868
545;368;-0.0001;0.0123;-0.0548;1.1981;21.917872
545;369;-0.0001;0.0123;-0.0547;1.1917;21.917876
545;370;-0.0001;0.0124;-0.0547;1.1853;21.917880
545;371;-0.0001;0.0124;-0.0547;1.1768;21.917884
545;372;-0.0001;0.0124;-0.0547;1.1662;21.917888
545;373;-0.0001;0.0124;-0.0545;1.1555;21.917892
545;374;-0.0001;0.0125;-0.0547;1.1449;21.917896
545;375;-0.0001;0.0125;-0.0545;1.1321;21.917900
545;376;-0.0001;0.0124;-0.0540;1.1215;21.917904
545;377;-0.0001;0.0123;-0.0536;1.1087;21.917908
545;378;-0.0001;0.0125;-0.0543;1.0959;21.917912
545;379;-0.0001;0.0128;-0.0551;1.0853;21.917916
545;380;-0.0001;0.0129;-0.0553;1.0768;21.917920
545;381;-0.0001;0.0128;-0.0551;1.0683;21.917924
545;382;-0.0001;0.0128;-0.0549;1.0555;21.917928
545;383;-0.0001;0.0128;-0.0546;1.0406;21.917932
545;384;-0.0001;0.0128;-0.0546;1.0278;21.917936
545;385;-0.0001;0.0129;-0.0547;1.0151;21.917940
545;386;-0.0001;0.0130;-0.0549;1.0044;21.917944
545;387;-0.0001;0.0130;-0.0549;0.9917;21.917948
545;388;-0.0001;0.0130;-0.0549;0.9768;21.917952
545;389;-0.0001;0.0132;-0.0552;0.9683;21.917956
545;390;-0.0001;0.0131;-0.0550;0.9576;21.917960
545;391;-0.0001;0.0131;-0.0548;0.9427;21.917964
545;392;-0.0001;0.0131;-0.0546;0.9257;21.917968
545;393;-0.0001;0.0132;-0.0546;0.9087;21.917972
545;394;-0.0001;0.0132;-0.0545;0.8938;21.917976
545;395;-0.0001;0.0131;-0.0541;0.8831;21.917980
545;396;-0.0001;0.0132;-0.0543;0.8725;21.917984
545;397;-0.0001;0.0133;-0.0545;0.8597;21.917988
545;398;-0.0001;0.0133;-0.0546;0.8448;21.917992
545;399;-0.0001;0.0133;-0.0545;0.8299;21.917996
545;400;-0.0001;0.0134;-0.0546;0.8150;21.918000
545;401;-0.0001;0.0135;-0.0548;0.7980;21.918004
545;402;-0.0001;0.0135;-0.0548;0.7831;21.918008
545;403;-0.0001;0.0136;-0.0551;0.7703;21.918012
545;404;-0.0001;0.0137;-0.0552;0.7597;21.918016
545;405;-0.0001;0.0137;-0.0551;0.7448;21.918020
545;406;-0.0001;0.0136;-0.0545;0.7299;21.918024
545;407;-0.0001;0.0136;-0.0544;0.7171;21.918028
545;408;-0.0001;0.0137;-0.0547;0.7044;21.918032
545;409;-0.0001;0.0137;-0.0547;0.6874;21.918036
545;410;-0.0001;0.0137;-0.0545;0.6767;21.918040
545;411;-0.0001;0.0138;-0.0547;0.6639;21.918044
545;412;-0.0001;0.0140;-0.0552;0.6512;21.918048
545;413;-0.0001;0.0140;-0.0553;0.6384;21.918052
545;414;-0.0001;0.0141;-0.0555;0.6256;21.918056
545;415;-0.0001;0.0142;-0.0557;0.6107;21.918060
545;416;-0.0001;0.0143;-0.0560;0.5958;21.918064
545;417;-0.0001;0.0143;-0.0557;0.5831;21.918068
545;418;-0.0001;0.0143;-0.0557;0.5703;21.918072
545;419;-0.0001;0.0144;-0.0560;0.5597;21.918076
545;420;-0.0001;0.0145;-0.0562;0.5469;21.918080
545;421;-0.0001;0.0145;-0.0561;0.5341;21.918084
545;422;-0.0001;0.0146;-0.0563;0.5214;21.918088
545;423;-0.0001;0.0146;-0.0561;0.5107;21.918092
545;424;-0.0001;0.0145;-0.0557;0.5001;21.918096
545;425;-0.0001;0.0146;-0.0559;0.4873;21.918100
545;426;-0.0001;0.0148;-0.0566;0.4746;21.918104
545;427;-0.0001;0.0150;-0.0570;0.4639;21.918108
545;428;-0.0001;0.0150;-0.0569;0.4533;21.918112
545;429;-0.0001;0.0150;-0.0567;0.4426;21.918116
545;430;-0.0001;0.0150;-0.0565;0.4341;21.918120
545;431;-0.0001;0.0149;-0.0562;0.4256;21.918124
545;432;-0.0001;0.0149;-0.0558;0.4150;21.918128
545;433;-0.0001;0.0151;-0.0565;0.4022;21.918132
545;434;-0.0001;0.0154;-0.0576;0.3916;21.918136
545;435;-0.0001;0.0154;-0.0574;0.3830;21.918140
545;436;-0.0001;0.0154;-0.0574;0.3745;21.918144
545;437;-0.0001;0.0155;-0.0575;0.3639;21.918148
545;438;-0.0001;0.0154;-0.0570;0.3554;21.918152
545;439;-0.0001;0.0153;-0.0565;0.3490;21.918156
545;440;-0.0001;0.0153;-0.0565;0.3405;21.918160
545;441;-0.0001;0.0155;-0.0569;0.3341;21.918164
545;442;-0.0001;0.0156;-0.0573;0.3256;21.918168
545;443;-0.0001;0.0156;-0.0569;0.3171;21.918172
545;444;-0.0001;0.0155;-0.0566;0.3107;21.918176
545;445;-0.0001;0.0156;-0.0568;0.3022;21.918180
545;446;-0.0001;0.0158;-0.0575;0.2915;21.918184
545;447;-0.0001;0.0159;-0.0575;0.2830;21.918188
545;448;-0.0001;0.0159;-0.0575;0.2724;21.918192
545;449;-0.0001;0.0162;-0.0583;0.2655;21.918196
545;450;-0.0001;0.0163;-0.0588;0.2592;21.918200
545;451;-0.0001;0.0163;-0.0584;0.2563;21.918204
545;452;-0.0001;0.0163;-0.0583;0.2518;21.918208
545;453;-0.0001;0.0164;-0.0585;0.2444;21.918212
545;454;-0.0001;0.0165;-0.0589;0.2367;21.918216
545;455;-0.0001;0.0165;-0.0585;0.2305;21.918220
545;456;-0.0001;0.0165;-0.0585;0.2239;21.918224
545;457;-0.0001;0.0167;-0.0590;0.2178;21.918228
545;458;-0.0001;0.0169;-0.0595;0.2116;21.918232
545;459;-0.0001;0.0170;-0.0600;0.2048;21.918236
545;460;-0.0001;0.0171;-0.0600;0.1967;21.918240
545;461;-0.0001;0.0171;-0.0600;0.1901;21.918244
545;462;-0.0001;0.0174;-0.0610;0.1843;21.918248
545;463;-0.0001;0.0174;-0.0608;0.1767;21.918252
545;464;-0.0001;0.0173;-0.0603;0.1693;21.918256
545;465;-0.0001;0.0174;-0.0604;0.1637;21.918260
545;466;-0.0001;0.0174;-0.0602;0.1589;21.918264
545;467;-0.0001;0.0174;-0.0602;0.1545;21.918268
545;468;-0.0001;0.0178;-0.0616;0.1510;21.918272
545;469;-0.0001;0.0181;-0.0622;0.1469;21.918276
545;470;-0.0001;0.0182;-0.0626;0.1421;21.918280
545;471;-0.0001;0.0185;-0.0634;0.1374;21.918284
545;472;-0.0001;0.0188;-0.0641;0.1317;21.918288
545;473;-0.0001;0.0187;-0.0639;0.1271;21.918292
545;474;-0.0001;0.0186;-0.0632;0.1239;21.918296
545;475;-0.0001;0.0186;-0.0632;0.1210;21.918300
545;476;-0.0001;0.0190;-0.0643;0.1192;21.918304
545;477;-0.0001;0.0190;-0.0643;0.1175;21.918308
545;478;-0.0001;0.0193;-0.0649;0.1140;21.918312
545;479;-0.0001;0.0198;-0.0667;0.1084;21.918316
545;480;-0.0001;0.0202;-0.0678;0.1046;21.918320
545;481;-0.0001;0.0202;-0.0675;0.1027;21.918324
545;482;-0.0001;0.0205;-0.0685;0.1000;21.918328
545;483;-0.0001;0.0210;-0.0700;0.0971;21.918332
545;484;-0.0001;0.0214;-0.0711;0.0951;21.918336
545;485;-0.0001;0.0216;-0.0717;0.0928;21.918340
545;486;-0.0001;0.0221;-0.0730;0.0901;21.918344
545;487;-0.0001;0.0225;-0.0744;0.0872;21.918348
545;488;-0.0001;0.0222;-0.0732;0.0854;21.918352
545;489;-0.0001;0.0229;-0.0753;0.0842;21.918356
545;490;-0.0001;0.0242;-0.0794;0.0824;21.918360
545;491;-0.0002;0.0246;-0.0805;0.0806;21.918364
545;492;-0.0001;0.0243;-0.0794;0.0778;21.918368
545;493;-0.0001;0.0243;-0.0792;0.0757;21.918372
545;494;-0.0001;0.0246;-0.0800;0.0744;21.918376
545;495;-0.0002;0.0250;-0.0811;0.0732;21.918380
545;496;-0.0002;0.0250;-0.0811;0.0724;21.918384
545;497;-0.0002;0.0256;-0.0826;0.0727;21.918388
545;498;-0.0002;0.0263;-0.0848;0.0720;21.918392
545;499;-0.0002;0.0266;-0.0856;0.0711;21.918396
545;500;-0.0002;0.0261;-0.0837;0.0707;21.918400
545;501;-0.0002;0.0254;-0.0815;0.0693;21.918404
545;502;-0.0002;0.0263;-0.0841;0.0680;21.918408
545;503;-0.0002;0.0279;-0.0889;0.0667;21.918412
545;504;-0.0002;0.0289;-0.0921;0.0663;21.918416
545;505;-0.0002;0.0296;-0.0940;0.0661;21.918420
545;506;-0.0002;0.0299;-0.0949;0.0651;21.918424
545;507;-0.0002;0.0296;-0.0937;0.0636;21.918428
545;508;-0.0002;0.0295;-0.0930;0.0635;21.918432
545;509;-0.0002;0.0306;-0.0964;0.0639;21.918436
545;510;-0.0002;0.0316;-0.0992;0.0635;21.918440
545;511;-0.0002;0.0314;-0.0985;0.0633;21.918444
545;512;-0.0002;0.0309;-0.0966;0.0619;21.918448
545;513;-0.0002;0.0310;-0.0969;0.0614;21.918452
545;514;-0.0002;0.0316;-0.0985;0.0628;21.918456
545;515;-0.0002;0.0322;-0.1002;0.0645;21.918460
545;516;-0.0002;0.0321;-0.0996;0.0642;21.918464
545;517;-0.0002;0.0315;-0.0975;0.0627;21.918468
545;518;-0.0002;0.0320;-0.0990;0.0633;21.918472
545;519;-0.0002;0.0330;-0.1019;0.0643;21.918476
545;520;-0.0002;0.0341;-0.1050;0.0652;21.918480
545;521;-0.0002;0.0345;-0.1060;0.0651;21.918484
545;522;-0.0002;0.0338;-0.1036;0.0663;21.918488
545;523;-0.0002;0.0334;-0.1021;0.0667;21.918492
545;524;-0.0002;0.0338;-0.1031;0.0671;21.918496
545;525;-0.0002;0.0346;-0.1056;0.0668;21.918500
545;526;-0.0002;0.0362;-0.1102;0.0664;21.918504
545;527;-0.0002;0.0383;-0.1163;0.0670;21.918508
545;528;-0.0002;0.0386;-0.1170;0.0690;21.918512
545;529;-0.0002;0.0385;-0.1163;0.0690;21.918516
545;530;-0.0002;0.0387;-0.1168;0.0669;21.918520
545;531;-0.0002;0.0388;-0.1168;0.0658;21.918524
545;532;-0.0002;0.0386;-0.1159;0.0677;21.918528
545;533;-0.0002;0.0385;-0.1154;0.0702;21.918532
545;534;-0.0002;0.0387;-0.1157;0.0707;21.918536
545;535;-0.0002;0.0394;-0.1176;0.0698;21.918540
545;536;-0.0002;0.0399;-0.1190;0.0692;21.918544
545;537;-0.0002;0.0399;-0.1187;0.0684;21.918548
545;538;-0.0002;0.0403;-0.1196;0.0670;21.918552
545;539;-0.0002;0.0409;-0.1211;0.0656;21.918556
545;540;-0.0002;0.0405;-0.1197;0.0652;21.918560
545;541;-0.0002;0.0405;-0.1194;0.0640;21.918564
545;542;-0.0002;0.0410;-0.1207;0.0610;21.918568
545;543;-0.0002;0.0421;-0.1236;0.0589;21.918572
545;544;-0.0002;0.0427;-0.1251;0.0579;21.918576
545;545;-0.0002;0.0417;-0.1220;0.0577;21.918580
545;546;-0.0002;0.0410;-0.1198;0.0571;21.918584
545;547;-0.0002;0.0419;-0.1222;0.0559;21.918588
545;548;-0.0002;0.0424;-0.1232;0.0544;21.918592
545;549;-0.0002;0.0411;-0.1192;0.0526;21.918596
545;550;-0.0002;0.0413;-0.1197;0.0517;21.918600
545;551;-0.0002;0.0429;-0.1240;0.0509;21.918604
545;552;-0.0002;0.0422;-0.1218;0.0482;21.918608
545;553;-0.0002;0.0404;-0.1164;0.0464;21.918612
545;554;-0.0002;0.0382;-0.1097;0.0462;21.918616
545;555;-0.0002;0.0406;-0.1163;0.0466;21.918620
545;556;-0.0002;0.0411;-0.1175;0.0451;21.918624
545;557;-0.0002;0.0381;-0.1087;0.0421;21.918628
545;558;-0.0002;0.0368;-0.1050;0.0412;21.918632
545;559;-0.0002;0.0359;-0.1022;0.0406;21.918636
545;560;-0.0015;0.2749;-0.7805;0.0293;21.918640
545;561;-0.0014;0.2716;-0.7698;0.0286;21.918644
545;562;-0.0014;0.2683;-0.7587;0.0298;21.918648
545;563;-0.0014;0.2658;-0.7502;0.0303;21.918652
545;564;-0.0014;0.2620;-0.7382;0.0310;21.918656
545;565;-0.0013;0.2575;-0.7241;0.0325;21.918660
545;566;-0.0013;0.2542;-0.7134;0.0327;21.918664
545;567;-0.0013;0.2528;-0.7080;0.0310;21.918668
545;568;-0.0013;0.2502;-0.6993;0.0312;21.918672
545;569;-0.0013;0.2474;-0.6902;0.0346;21.918676
545;570;-0.0013;0.2465;-0.6864;0.0383;21.918680
545;571;-0.0013;0.2458;-0.6832;0.0402;21.918684
545;572;-0.0013;0.2460;-0.6824;0.0423;21.918688
545;573;-0.0012;0.2462;-0.6818;0.0442;21.918692
545;574;-0.0013;0.2463;-0.6805;0.0454;21.918696
545;575;-0.0012;0.2462;-0.6789;0.0464;21.918700
545;576;-0.0012;0.2468;-0.6794;0.0457;21.918704
545;577;-0.0012;0.2468;-0.6780;0.0443;21.918708
545;578;-0.0012;0.2463;-0.6753;0.0439;21.918712
545;579;-0.0012;0.2464;-0.6743;0.0446;21.918716
545;580;-0.0012;0.2471;-0.6750;0.0460;21.918720
545;581;-0.0012;0.2468;-0.6730;0.0486;21.918724
545;582;-0.0012;0.2465;-0.6708;0.0519;21.918728
545;583;-0.0012;0.2466;-0.6697;0.0540;21.918732
545;584;-0.0012;0.2470;-0.6696;0.0549;21.918736
545;585;-0.0012;0.2472;-0.6689;0.0551;21.918740
545;586;-0.0012;0.2478;-0.6693;0.0559;21.918744
545;587;-0.0012;0.2488;-0.6707;0.0564;21.918748
545;588;-0.0012;0.2499;-0.6724;0.0570;21.918752
545;589;-0.0012;0.2502;-0.6719;0.0569;21.918756
545;590;-0.0012;0.2508;-0.6722;0.0571;21.918760
545;591;-0.0012;0.2514;-0.6727;0.0579;21.918764
545;592;-0.0012;0.2522;-0.6734;0.0598;21.918768
545;593;-0.0012;0.2531;-0.6748;0.0624;21.918772
545;594;-0.0012;0.2540;-0.6757;0.0650;21.918776
545;595;-0.0012;0.2551;-0.6776;0.0666;21.918780
545;596;-0.0012;0.2558;-0.6780;0.0682;21.918784
545;597;-0.0012;0.2563;-0.6783;0.0719;21.918788
545;598;-0.0012;0.2571;-0.6790;0.0774;21.918792
545;599;-0.0013;0.2583;-0.6810;0.0826;21.918796
545;600;-0.0013;0.2592;-0.6819;0.0876;21.918800
545;601;-0.0013;0.2593;-0.6811;0.0945;21.918804
545;602;-0.0013;0.2603;-0.6823;0.1026;21.918808
545;603;-0.0013;0.2612;-0.6835;0.1130;21.918812
545;604;-0.0013;0.2618;-0.6837;0.1268;21.918816
545;605;-0.0013;0.2627;-0.6848;0.1464;21.918820
545;606;-0.0013;0.2638;-0.6865;0.1747;21.918824
545;607;-0.0013;0.2645;-0.6871;0.2159;21.918828
545;608;-0.0013;0.2649;-0.6868;0.2734;21.918832
545;609;-0.0013;0.2653;-0.6868;0.3505;21.918836
545;610;-0.0013;0.2660;-0.6871;0.4452;21.918840
545;611;-0.0013;0.2666;-0.6875;0.5433;21.918844
545;612;-0.0013;0.2671;-0.6875;0.6205;21.918848
545;613;-0.0013;0.2677;-0.6878;0.6503;21.918852
545;614;-0.0013;0.2683;-0.6881;0.6170;21.918856
545;615;-0.0013;0.2688;-0.6882;0.5311;21.918860
545;616;-0.0013;0.2692;-0.6878;0.4329;21.918864
545;617;-0.0013;0.2697;-0.6880;0.3435;21.918868
545;618;-0.0013;0.2703;-0.6883;0.2769;21.918872
545;619;-0.0013;0.2709;-0.6886;0.2436;21.918876
545;620;-0.0013;0.2713;-0.6885;0.2594;21.918880
545;621;-0.0013;0.2717;-0.6881;0.3365;21.918884
545;622;-0.0013;0.2720;-0.6877;0.4820;21.918888
545;623;-0.0013;0.2722;-0.6868;0.6783;21.918892
545;624;-0.0013;0.2724;-0.6863;0.8746;21.918896
545;625;-0.0013;0.2729;-0.6863;1.0026;21.918900
545;626;-0.0013;0.2736;-0.6866;1.0131;21.918904
545;627;-0.0013;0.2740;-0.6864;0.9219;21.918908
545;628;-0.0013;0.2745;-0.6865;0.7747;21.918912
545;629;-0.0013;0.2750;-0.6867;0.6099;21.918916
545;630;-0.0013;0.2756;-0.6870;0.4475;21.918920
545;631;-0.0013;0.2765;-0.6877;0.3099;21.918924
545;632;-0.0013;0.2775;-0.6890;0.2113;21.918928
545;633;-0.0013;0.2787;-0.6908;0.1510;21.918932
545;634;-0.0013;0.2800;-0.6928;0.1193;21.918936
545;635;-0.0013;0.2809;-0.6939;0.1057;21.918940
545;636;-0.0013;0.2821;-0.6956;0.0993;21.918944
545;637;-0.0013;0.2835;-0.6980;0.0977;21.918948
545;638;-0.0013;0.2847;-0.6996;0.0994;21.918952
545;639;-0.0013;0.2856;-0.7005;0.1032;21.918956
545;640;-0.0013;0.2867;-0.7020;0.1087;21.918960
545;641;-0.0013;0.2881;-0.7042;0.1133;21.918964
545;642;-0.0013;0.2894;-0.7062;0.1173;21.918968
545;643;-0.0013;0.2907;-0.7081;0.1196;21.918972
545;644;-0.0013;0.2920;-0.7101;0.1208;21.918976
545;645;-0.0013;0.2932;-0.7117;0.1205;21.918980
545;646;-0.0013;0.2944;-0.7133;0.1144;21.918984
545;647;-0.0013;0.2952;-0.7141;0.1023;21.918988
545;648;-0.0013;0.2963;-0.7154;0.0845;21.918992
545;649;-0.0013;0.2977;-0.7175;0.0657;21.918996
545;650;-0.0014;0.3000;-0.7218;0.0489;21.919000
545;651;-0.0014;0.3041;-0.7306;0.0369;21.919004
545;652;-0.0014;0.3060;-0.7339;0.0309;21.919008
545;653;-0.0014;0.3066;-0.7339;0.0287;21.919012
545;654;-0.0014;0.3087;-0.7376;0.0288;21.919016
545;655;-0.0014;0.3123;-0.7450;0.0288;21.919020
545;656;-0.0014;0.3147;-0.7495;0.0290;21.919024
545;657;-0.0014;0.3157;-0.7506;0.0303;21.919028
545;658;-0.0014;0.3181;-0.7551;0.0299;21.919032
545;659;-0.0014;0.3206;-0.7596;0.0299;21.919036
545;660;-0.0014;0.3209;-0.7590;0.0319;21.919040
545;661;-0.0014;0.3217;-0.7596;0.0354;21.919044
545;662;-0.0029;0.6048;-1.4256;0.0201;21.919048
545;663;-0.0029;0.6065;-1.4274;0.0244;21.919052
545;664;-0.0029;0.6089;-1.4304;0.0315;21.919056
545;665;-0.0029;0.6106;-1.4320;0.0412;21.919060
545;666;-0.0029;0.6118;-1.4324;0.0541;21.919064
545;667;-0.0029;0.6131;-1.4331;0.0705;21.919068
545;668;-0.0029;0.6143;-1.4334;0.0893;21.919072
545;669;-0.0029;0.6155;-1.4337;0.1068;21.919076
545;670;-0.0029;0.6164;-1.4334;0.1256;21.919080
545;671;-0.0029;0.6171;-1.4326;0.1487;21.919084
545;672;-0.0029;0.6182;-1.4326;0.1762;21.919088
545;673;-0.0029;0.6193;-1.4329;0.2080;21.919092
545;674;-0.0029;0.6205;-1.4331;0.2357;21.919096
545;675;-0.0029;0.6216;-1.4333;0.2528;21.919100
545;676;-0.0029;0.6227;-1.4336;0.2691;21.919104
545;677;-0.0029;0.6238;-1.4336;0.2879;21.919108
545;678;-0.0029;0.6248;-1.4335;0.3026;21.919112
545;679;-0.0029;0.6260;-1.4337;0.3148;21.919116
545;680;-0.0029;0.6269;-1.4336;0.3262;21.919120
545;681;-0.0029;0.6280;-1.4337;0.3319;21.919124
545;682;-0.0029;0.6291;-1.4338;0.3344;21.919128
545;683;-0.0029;0.6303;-1.4341;0.3344;21.919132
545;684;-0.0029;0.6313;-1.4340;0.3344;21.919136
545;685;-0.0029;0.6323;-1.4338;0.3425;21.919140
545;686;-0.0029;0.6332;-1.4336;0.3588;21.919144
545;687;-0.0029;0.6343;-1.4336;0.3727;21.919148
545;688;-0.0029;0.6355;-1.4341;0.3768;21.919152
545;689;-0.0029;0.6365;-1.4340;0.3776;21.919156
545;690;-0.0029;0.6376;-1.4339;0.3768;21.919160
545;691;-0.0029;0.6386;-1.4338;0.3743;21.919164
545;692;-0.0029;0.6398;-1.4341;0.3758;21.919168
545;693;-0.0029;0.6410;-1.4344;0.3847;21.919172
545;694;-0.0029;0.6420;-1.4343;0.3903;21.919176
545;695;-0.0029;0.6430;-1.4343;0.3912;21.919180
545;696;-0.0029;0.6440;-1.4341;0.3903;21.919184
545;697;-0.0029;0.6450;-1.4339;0.3895;21.919188
545;698;-0.0029;0.6459;-1.4338;0.3863;21.919192
545;699;-0.0029;0.6471;-1.4339;0.3831;21.919196
545;700;-0.0029;0.6483;-1.4342;0.3863;21.919200
545;701;-0.0029;0.6492;-1.4339;0.3944;21.919204
545;702;-0.0029;0.6502;-1.4338;0.4009;21.919208
545;703;-0.0029;0.6513;-1.4339;0.4009;21.919212
545;704;-0.0029;0.6524;-1.4341;0.3984;21.919216
545;705;-0.0029;0.6534;-1.4339;0.3928;21.919220
545;706;-0.0029;0.6545;-1.4340;0.3855;21.919224
545;707;-0.0029;0.6556;-1.4341;0.3839;21.919228
545;708;-0.0029;0.6568;-1.4342;0.3831;21.919232
545;709;-0.0029;0.6578;-1.4342;0.3733;21.919236
545;710;-0.0029;0.6587;-1.4338;0.3539;21.919240
545;711;-0.0029;0.6597;-1.4336;0.3345;21.919244
545;712;-0.0029;0.6605;-1.4330;0.3150;21.919248
545;713;-0.0029;0.6608;-1.4315;0.2940;21.919252
545;714;-0.0029;0.6606;-1.4286;0.2648;21.919256
545;715;-0.0029;0.6593;-1.4235;0.2243;21.919260
545;716;-0.0029;0.6565;-1.4151;0.1766;21.919264
545;717;-0.0028;0.6513;-1.4017;0.1316;21.919268
545;718;-0.0014;0.3395;-0.7296;0.2056;21.919272
545;719;-0.0013;0.3326;-0.7136;0.1848;21.919276
545;720;-0.0013;0.3290;-0.7047;0.1833;21.919280
545;721;-0.0013;0.3273;-0.6999;0.1877;21.919284
545;722;-0.0013;0.3265;-0.6970;0.1934;21.919288
545;723;-0.0013;0.3263;-0.6956;0.1952;21.919292
545;724;-0.0013;0.3270;-0.6959;0.1934;21.919296
545;725;-0.0013;0.3277;-0.6963;0.1906;21.919300
545;726;-0.0013;0.3285;-0.6969;0.1859;21.919304
545;727;-0.0013;0.3292;-0.6972;0.1821;21.919308
545;728;-0.0013;0.3296;-0.6970;0.1768;21.919312
545;729;-0.0013;0.3302;-0.6972;0.1689;21.919316
545;730;-0.0013;0.3306;-0.6969;0.1605;21.919320
545;731;-0.0013;0.3306;-0.6958;0.1528;21.919324
545;732;-0.0013;0.3316;-0.6968;0.1468;21.919328
545;733;-0.0013;0.3337;-0.7002;0.1442;21.919332
545;734;-0.0013;0.3355;-0.7029;0.1455;21.919336
545;735;-0.0013;0.3371;-0.7051;0.1447;21.919340
545;736;-0.0013;0.3400;-0.7101;0.1435;21.919344
545;737;-0.0014;0.3458;-0.7210;0.1474;21.919348
545;738;-0.0014;0.3544;-0.7377;0.1645;21.919352
545;739;-0.0029;0.6759;-1.4048;0.1030;21.919356
545;740;-0.0029;0.6833;-1.4178;0.1344;21.919360
545;741;-0.0029;0.6883;-1.4261;0.1753;21.919364
545;742;-0.0029;0.6916;-1.4308;0.2196;21.919368
545;743;-0.0029;0.6936;-1.4325;0.2612;21.919372
545;744;-0.0029;0.6951;-1.4334;0.3027;21.919376
545;745;-0.0029;0.6963;-1.4337;0.3474;21.919380
545;746;-0.0029;0.6975;-1.4339;0.3954;21.919384
545;747;-0.0029;0.6987;-1.4342;0.4385;21.919388
545;748;-0.0029;0.6999;-1.4343;0.4704;21.919392
545;749;-0.0029;0.7010;-1.4345;0.4888;21.919396
545;750;-0.0029;0.7020;-1.4341;0.5032;21.919400
545;751;-0.0029;0.7031;-1.4342;0.5208;21.919404
545;752;-0.0029;0.7043;-1.4344;0.5351;21.919408
545;753;-0.0029;0.7055;-1.4346;0.5463;21.919412
545;754;-0.0029;0.7066;-1.4347;0.5559;21.919416
545;755;-0.0029;0.7077;-1.4347;0.5647;21.919420
545;756;-0.0029;0.7088;-1.4347;0.5656;21.919424
545;757;-0.0029;0.7098;-1.4345;0.5712;21.919428
545;758;-0.0029;0.7108;-1.4344;0.5807;21.919432
545;759;-0.0029;0.7120;-1.4344;0.5894;21.919436
545;760;-0.0029;0.7131;-1.4346;0.5902;21.919440
545;761;-0.0029;0.7143;-1.4348;0.5886;21.919444
545;762;-0.0029;0.7154;-1.4348;0.5855;21.919448
545;763;-0.0029;0.7165;-1.4347;0.5815;21.919452
545;764;-0.0029;0.7175;-1.4344;0.5799;21.919456
545;765;-0.0029;0.7185;-1.4343;0.5831;21.919460
545;766;-0.0029;0.7197;-1.4345;0.5823;21.919464
545;767;-0.0029;0.7208;-1.4345;0.5760;21.919468
545;768;-0.0029;0.7219;-1.4346;0.5728;21.919472
545;769;-0.0029;0.7231;-1.4348;0.5728;21.919476
545;770;-0.0029;0.7242;-1.4348;0.5791;21.919480
545;771;-0.0029;0.7252;-1.4346;0.5934;21.919484
545;772;-0.0029;0.7265;-1.4348;0.6061;21.919488
545;773;-0.0029;0.7276;-1.4350;0.6085;21.919492
545;774;-0.0029;0.7289;-1.4351;0.6037;21.919496
545;775;-0.0029;0.7299;-1.4350;0.6045;21.919500
545;776;-0.0029;0.7309;-1.4348;0.6054;21.919504
545;777;-0.0029;0.7320;-1.4348;0.6078;21.919508
545;778;-0.0030;0.7332;-1.4349;0.6070;21.919512
545;779;-0.0029;0.7343;-1.4348;0.6046;21.919516
545;780;-0.0029;0.7353;-1.4349;0.6022;21.919520
545;781;-0.0029;0.7363;-1.4347;0.6015;21.919524
545;782;-0.0029;0.7376;-1.4348;0.5983;21.919528
545;783;-0.0030;0.7386;-1.4347;0.5951;21.919532
545;784;-0.0029;0.7396;-1.4345;0.5983;21.919536
545;785;-0.0029;0.7408;-1.4346;0.5999;21.919540
545;786;-0.0030;0.7419;-1.4346;0.5983;21.919544
545;787;-0.0029;0.7429;-1.4345;0.5967;21.919548
545;788;-0.0030;0.7440;-1.4345;0.5944;21.919552
545;789;-0.0030;0.7450;-1.4342;0.5928;21.919556
545;790;-0.0029;0.7462;-1.4342;0.5928;21.919560
545;791;-0.0030;0.7473;-1.4344;0.5936;21.919564
545;792;-0.0030;0.7486;-1.4345;0.5999;21.919568
545;793;-0.0029;0.7496;-1.4343;0.6070;21.919572
545;794;-0.0030;0.7507;-1.4344;0.6070;21.919576
545;795;-0.0030;0.7520;-1.4346;0.6062;21.919580
545;796;-0.0030;0.7530;-1.4344;0.6046;21.919584
545;797;-0.0030;0.7540;-1.4341;0.5993;21.919588
545;798;-0.0030;0.7550;-1.4341;0.5977;21.919592
545;799;-0.0030;0.7565;-1.4346;0.6008;21.919596
545;800;-0.0030;0.7576;-1.4347;0.6040;21.919600
545;801;-0.0030;0.7588;-1.4347;0.6001;21.919604
545;802;-0.0030;0.7599;-1.4347;0.5977;21.919608
545;803;-0.0030;0.7610;-1.4348;0.6048;21.919612
545;804;-0.0030;0.7621;-1.4347;0.6134;21.919616
545;805;-0.0030;0.7633;-1.4347;0.6149;21.919620
545;806;-0.0030;0.7643;-1.4346;0.6118;21.919624
545;807;-0.0030;0.7653;-1.4343;0.6102;21.919628
545;808;-0.0030;0.7664;-1.4343;0.6118;21.919632
545;809;-0.0030;0.7675;-1.4342;0.6118;21.919636
545;810;-0.0030;0.7688;-1.4344;0.6079;21.919640
545;811;-0.0030;0.7700;-1.4345;0.6087;21.919644
545;812;-0.0030;0.7711;-1.4345;0.6189;21.919648
545;813;-0.0030;0.7720;-1.4342;0.6322;21.919652
545;814;-0.0030;0.7731;-1.4341;0.6377;21.919656
545;815;-0.0030;0.7742;-1.4340;0.6353;21.919660
545;816;-0.0030;0.7756;-1.4345;0.6221;21.919664
545;817;-0.0030;0.7768;-1.4347;0.6112;21.919668
545;818;-0.0030;0.7779;-1.4344;0.6089;21.919672
545;819;-0.0030;0.7789;-1.4343;0.6151;21.919676
545;820;-0.0030;0.7800;-1.4341;0.6237;21.919680
545;821;-0.0030;0.7811;-1.4341;0.6283;21.919684
545;822;-0.0030;0.7823;-1.4341;0.6268;21.919688
545;823;-0.0030;0.7834;-1.4341;0.6198;21.919692
545;824;-0.0030;0.7845;-1.4340;0.6167;21.919696
545;825;-0.0030;0.7857;-1.4342;0.6190;21.919700
545;826;-0.0030;0.7869;-1.4342;0.6205;21.919704
545;827;-0.0030;0.7881;-1.4344;0.6182;21.919708
545;828;-0.0030;0.7894;-1.4346;0.6198;21.919712
545;829;-0.0030;0.7904;-1.4344;0.6268;21.919716
545;830;-0.0030;0.7915;-1.4342;0.6330;21.919720
545;831;-0.0030;0.7926;-1.4343;0.6361;21.919724
545;832;-0.0030;0.7938;-1.4344;0.6377;21.919728
545;833;-0.0030;0.7951;-1.4345;0.6316;21.919732
545;834;-0.0030;0.7961;-1.4344;0.6277;21.919736
545;835;-0.0030;0.7973;-1.4344;0.6254;21.919740
545;836;-0.0030;0.7985;-1.4345;0.6208;21.919744
545;837;-0.0030;0.7997;-1.4347;0.6169;21.919748
545;838;-0.0030;0.8010;-1.4348;0.6169;21.919752
545;839;-0.0030;0.8022;-1.4349;0.6223;21.919756
545;840;-0.0030;0.8033;-1.4348;0.6316;21.919760
545;841;-0.0030;0.8044;-1.4347;0.6355;21.919764
545;842;-0.0030;0.8055;-1.4346;0.6355;21.919768
545;843;-0.0030;0.8066;-1.4346;0.6362;21.919772
545;844;-0.0030;0.8077;-1.4344;0.6362;21.919776
545;845;-0.0030;0.8089;-1.4345;0.6347;21.919780
545;846;-0.0030;0.8101;-1.4347;0.6324;21.919784
545;847;-0.0030;0.8113;-1.4348;0.6308;21.919788
545;848;-0.0030;0.8126;-1.4349;0.6324;21.919792
545;849;-0.0030;0.8137;-1.4348;0.6339;21.919796
545;850;-0.0030;0.8148;-1.4347;0.6378;21.919800
545;851;-0.0030;0.8159;-1.4346;0.6411;21.919804
545;852;-0.0030;0.8170;-1.4345;0.6511;21.919808
545;853;-0.0030;0.8182;-1.4345;0.6534;21.919812
545;854;-0.0030;0.8192;-1.4343;0.6495;21.919816
545;855;-0.0030;0.8204;-1.4342;0.6472;21.919820
545;856;-0.0030;0.8215;-1.4341;0.6472;21.919824
545;857;-0.0030;0.8227;-1.4342;0.6418;21.919828
545;858;-0.0030;0.8239;-1.4341;0.6372;21.919832
545;859;-0.0030;0.8252;-1.4344;0.6380;21.919836
545;860;-0.0030;0.8263;-1.4343;0.6403;21.919840
545;861;-0.0030;0.8275;-1.4342;0.6411;21.919844
545;862;-0.0030;0.8286;-1.4343;0.6434;21.919848
545;863;-0.0030;0.8298;-1.4343;0.6518;21.919852
545;864;-0.0030;0.8310;-1.4343;0.6557;21.919856
545;865;-0.0030;0.8322;-1.4344;0.6495;21.919860
545;866;-0.0030;0.8335;-1.4346;0.6472;21.919864
545;867;-0.0030;0.8347;-1.4347;0.6480;21.919868
545;868;-0.0030;0.8359;-1.4346;0.6421;21.919872
545;869;-0.0030;0.8370;-1.4345;0.6383;21.919876
545;870;-0.0030;0.8381;-1.4344;0.6360;21.919880
545;871;-0.0030;0.8392;-1.4343;0.6406;21.919884
545;872;-0.0030;0.8404;-1.4342;0.6490;21.919888
545;873;-0.0030;0.8414;-1.4341;0.6536;21.919892
545;874;-0.0030;0.8424;-1.4337;0.6521;21.919896
545;875;-0.0030;0.8436;-1.4338;0.6467;21.919900
545;876;-0.0030;0.8450;-1.4341;0.6460;21.919904
545;877;-0.0030;0.8463;-1.4342;0.6528;21.919908
545;878;-0.0030;0.8475;-1.4343;0.6605;21.919912
545;879;-0.0030;0.8487;-1.4343;0.6704;21.919916
545;880;-0.0030;0.8497;-1.4340;0.6850;21.919920
545;881;-0.0030;0.8510;-1.4341;0.6903;21.919924
545;882;-0.0030;0.8522;-1.4342;0.6827;21.919928
545;883;-0.0030;0.8534;-1.4341;0.6727;21.919932
545;884;-0.0030;0.8546;-1.4341;0.6682;21.919936
545;885;-0.0030;0.8558;-1.4342;0.6617;21.919940
545;886;-0.0030;0.8570;-1.4343;0.6617;21.919944
545;887;-0.0030;0.8583;-1.4343;0.6655;21.919948
545;888;-0.0030;0.8595;-1.4344;0.6746;21.919952
545;889;-0.0030;0.8606;-1.4343;0.6769;21.919956
545;890;-0.0030;0.8617;-1.4342;0.6701;21.919960
545;891;-0.0030;0.8631;-1.4344;0.6624;21.919964
545;892;-0.0030;0.8643;-1.4344;0.6556;21.919968
545;893;-0.0030;0.8655;-1.4345;0.6495;21.919972
545;894;-0.0030;0.8667;-1.4344;0.6465;21.919976
545;895;-0.0030;0.8678;-1.4343;0.6480;21.919980
545;896;-0.0030;0.8689;-1.4342;0.6525;21.919984
545;897;-0.0030;0.8703;-1.4344;0.6571;21.919988
545;898;-0.0030;0.8715;-1.4345;0.6564;21.919992
545;899;-0.0030;0.8726;-1.4343;0.6533;21.919996
545;900;-0.0030;0.8737;-1.4340;0.6533;21.920000
545;901;-0.0030;0.8748;-1.4340;0.6594;21.920004
545;902;-0.0030;0.8762;-1.4341;0.6569;21.920008
545;903;-0.0030;0.8774;-1.4342;0.6531;21.920012
545;904;-0.0030;0.8787;-1.4342;0.6539;21.920016
545;905;-0.0030;0.8799;-1.4343;0.6562;21.920020
545;906;-0.0030;0.8810;-1.4342;0.6531;21.920024
545;907;-0.0030;0.8823;-1.4342;0.6501;21.920028
545;908;-0.0030;0.8835;-1.4343;0.6471;21.920032
545;909;-0.0030;0.8847;-1.4344;0.6456;21.920036
545;910;-0.0030;0.8859;-1.4342;0.6486;21.920040
545;911;-0.0030;0.8872;-1.4345;0.6524;21.920044
545;912;-0.0030;0.8884;-1.4343;0.6554;21.920048
545;913;-0.0030;0.8896;-1.4343;0.6599;21.920052
545;914;-0.0030;0.8908;-1.4344;0.6637;21.920056
545;915;-0.0030;0.8921;-1.4344;0.6653;21.920060
545;916;-0.0030;0.8932;-1.4343;0.6637;21.920064
545;917;-0.0030;0.8944;-1.4341;0.6568;21.920068
545;918;-0.0030;0.8957;-1.4344;0.6538;21.920072
545;919;-0.0030;0.8971;-1.4346;0.6538;21.920076
545;920;-0.0030;0.8983;-1.4346;0.6501;21.920080
545;921;-0.0030;0.8994;-1.4344;0.6440;21.920084
545;922;-0.0030;0.9005;-1.4341;0.6418;21.920088
545;923;-0.0030;0.9016;-1.4340;0.6448;21.920092
545;924;-0.0030;0.9030;-1.4342;0.6508;21.920096
545;925;-0.0030;0.9043;-1.4342;0.6599;21.920100
545;926;-0.0030;0.9055;-1.4343;0.6651;21.920104
545;927;-0.0030;0.9068;-1.4343;0.6666;21.920108
545;928;-0.0030;0.9080;-1.4343;0.6689;21.920112
545;929;-0.0030;0.9093;-1.4344;0.6719;21.920116
545;930;-0.0030;0.9106;-1.4346;0.6719;21.920120
545;931;-0.0030;0.9119;-1.4346;0.6689;21.920124
545;932;-0.0030;0.9130;-1.4345;0.6644;21.920128
545;933;-0.0030;0.9143;-1.4345;0.6629;21.920132
545;934;-0.0030;0.9155;-1.4346;0.6636;21.920136
545;935;-0.0030;0.9168;-1.4346;0.6689;21.920140
545;936;-0.0030;0.9180;-1.4346;0.6764;21.920144
545;937;-0.0030;0.9194;-1.4347;0.6802;21.920148
545;938;-0.0030;0.9206;-1.4347;0.6764;21.920152
545;939;-0.0030;0.9218;-1.4346;0.6757;21.920156
545;940;-0.0030;0.9231;-1.4348;0.6772;21.920160
545;941;-0.0030;0.9244;-1.4348;0.6772;21.920164
545;942;-0.0030;0.9257;-1.4349;0.6817;21.920168
545;943;-0.0030;0.9271;-1.4351;0.6892;21.920172
545;944;-0.0030;0.9283;-1.4351;0.7049;21.920176
545;945;-0.0030;0.9296;-1.4350;0.7290;21.920180
545;946;-0.0030;0.9308;-1.4351;0.7499;21.920184
545;947;-0.0030;0.9321;-1.4352;0.7745;21.920188
545;948;-0.0030;0.9335;-1.4353;0.8089;21.920192
545;949;-0.0030;0.9347;-1.4353;0.8515;21.920196
545;950;-0.0030;0.9359;-1.4352;0.8926;21.920200
545;951;-0.0030;0.9372;-1.4352;0.9300;21.920204
545;952;-0.0030;0.9384;-1.4352;0.9614;21.920208
545;953;-0.0030;0.9396;-1.4350;0.9883;21.920212
545;954;-0.0030;0.9407;-1.4349;1.0018;21.920216
545;955;-0.0030;0.9418;-1.4347;0.9756;21.920220
545;956;-0.0030;0.9431;-1.4347;0.9024;21.920224
545;957;-0.0030;0.9443;-1.4346;0.8112;21.920228
545;958;-0.0030;0.9456;-1.4346;0.7536;21.920232
545;959;-0.0030;0.9465;-1.4342;0.7693;21.920236
545;960;-0.0030;0.9471;-1.4330;0.8635;21.920240
545;961;-0.0030;0.9476;-1.4318;0.9868;21.920244
545;962;-0.0030;0.9483;-1.4310;1.0624;21.920248
545;963;-0.0030;0.9492;-1.4304;1.0452;21.920252
545;964;-0.0030;0.9499;-1.4297;0.9465;21.920256
545;965;-0.0030;0.9507;-1.4289;0.7999;21.920260
545;966;-0.0030;0.9512;-1.4278;0.6437;21.920264
545;967;-0.0030;0.9517;-1.4267;0.5031;21.920268
545;968;-0.0030;0.9522;-1.4255;0.3940;21.920272
545;969;-0.0030;0.9526;-1.4242;0.3185;21.920276
545;970;-0.0030;0.9527;-1.4225;0.2684;21.920280
545;971;-0.0030;0.9528;-1.4207;0.2340;21.920284
545;972;-0.0030;0.9526;-1.4186;0.2132;21.920288
545;973;-0.0030;0.9526;-1.4167;0.1989;21.920292
545;974;-0.0030;0.9527;-1.4149;0.1892;21.920296
545;975;-0.0030;0.9529;-1.4134;0.1809;21.920300
545;976;-0.0030;0.9530;-1.4116;0.1749;21.920304
545;977;-0.0030;0.9531;-1.4100;0.1697;21.920308
545;978;-0.0030;0.9530;-1.4080;0.1652;21.920312
545;979;-0.0030;0.9525;-1.4053;0.1621;21.920316
545;980;-0.0030;0.9525;-1.4036;0.1584;21.920320
545;981;-0.0030;0.9529;-1.4023;0.1531;21.920324
545;982;-0.0030;0.9533;-1.4010;0.1471;21.920328
545;983;-0.0030;0.9535;-1.3995;0.1418;21.920332
545;984;-0.0030;0.9538;-1.3980;0.1388;21.920336
545;985;-0.0030;0.9538;-1.3962;0.1395;21.920340
545;986;-0.0030;0.9535;-1.3940;0.1387;21.920344
545;987;-0.0030;0.9536;-1.3922;0.1364;21.920348
545;988;-0.0030;0.9535;-1.3902;0.1349;21.920352
545;989;-0.0029;0.9531;-1.3878;0.1349;21.920356
545;990;-0.0029;0.9532;-1.3861;0.1356;21.920360
545;991;-0.0029;0.9536;-1.3848;0.1356;21.920364
545;992;-0.0029;0.9536;-1.3831;0.1355;21.920368
545;993;-0.0029;0.9537;-1.3816;0.1325;21.920372
545;994;-0.0029;0.9540;-1.3801;0.1317;21.920376
545;995;-0.0029;0.9538;-1.3781;0.1317;21.920380
545;996;-0.0029;0.9535;-1.3758;0.1317;21.920384
545;997;-0.0029;0.9535;-1.3738;0.1302;21.920388
545;998;-0.0029;0.9536;-1.3723;0.1302;21.920392
545;999;-0.0029;0.9535;-1.3704;0.1309;21.920396
545;1000;-0.0029;0.9533;-1.3683;0.1309;21.920400
545;1001;-0.0029;0.9533;-1.3664;0.1309;21.920404
545;1002;-0.0029;0.9533;-1.3646;0.1309;21.920408
545;1003;-0.0029;0.9532;-1.3627;0.1301;21.920412
545;1004;-0.0029;0.9532;-1.3610;0.1301;21.920416
545;1005;-0.0029;0.9536;-1.3598;0.1301;21.920420
545;1006;-0.0029;0.9537;-1.3582;0.1339;21.920424
545;1007;-0.0029;0.9538;-1.3564;0.1347;21.920428
545;1008;-0.0029;0.9538;-1.3547;0.1316;21.920432
545;1009;-0.0029;0.9540;-1.3533;0.1278;21.920436
545;1010;-0.0029;0.9541;-1.3516;0.1270;21.920440
545;1011;-0.0029;0.9540;-1.3497;0.1278;21.920444
545;1012;-0.0029;0.9538;-1.3476;0.1293;21.920448
545;1013;-0.0029;0.9540;-1.3462;0.1347;21.920452
545;1014;-0.0029;0.9539;-1.3443;0.1393;21.920456
545;1015;-0.0029;0.9537;-1.3423;0.1440;21.920460
545;1016;-0.0029;0.9537;-1.3406;0.1463;21.920464
545;1017;-0.0029;0.9538;-1.3390;0.1440;21.920468
545;1018;-0.0028;0.9541;-1.3377;0.1401;21.920472
545;1019;-0.0029;0.9544;-1.3364;0.1355;21.920476
545;1020;-0.0028;0.9544;-1.3346;0.1316;21.920480
545;1021;-0.0028;0.9545;-1.3330;0.1300;21.920484
545;1022;-0.0028;0.9547;-1.3315;0.1300;21.920488
545;1023;-0.0028;0.9545;-1.3297;0.1300;21.920492
545;1024;-0.0028;0.9548;-1.3282;0.1292;21.920496
545;1025;-0.0028;0.9550;-1.3267;0.1300;21.920500
545;1026;-0.0028;0.9549;-1.3250;0.1308;21.920504
545;1027;-0.0028;0.9554;-1.3239;0.1308;21.920508
545;1028;-0.0028;0.9554;-1.3223;0.1292;21.920512
545;1029;-0.0028;0.9551;-1.3201;0.1300;21.920516
545;1030;-0.0028;0.9552;-1.3186;0.1324;21.920520
545;1031;-0.0028;0.9552;-1.3169;0.1340;21.920524
545;1032;-0.0028;0.9547;-1.3146;0.1340;21.920528
545;1033;-0.0028;0.9545;-1.3124;0.1332;21.920532
545;1034;-0.0028;0.9543;-1.3106;0.1340;21.920536
545;1035;-0.0028;0.9543;-1.3088;0.1379;21.920540
545;1036;-0.0028;0.9543;-1.3071;0.1395;21.920544
545;1037;-0.0028;0.9541;-1.3053;0.1379;21.920548
545;1038;-0.0028;0.9538;-1.3031;0.1356;21.920552
545;1039;-0.0028;0.9537;-1.3014;0.1348;21.920556
545;1040;-0.0028;0.9539;-1.3000;0.1348;21.920560
545;1041;-0.0028;0.9544;-1.2990;0.1340;21.920564
545;1042;-0.0028;0.9548;-1.2978;0.1324;21.920568
545;1043;-0.0028;0.9548;-1.2962;0.1317;21.920572
545;1044;-0.0028;0.9549;-1.2946;0.1293;21.920576
545;1045;-0.0028;0.9552;-1.2933;0.1293;21.920580
545;1046;-0.0028;0.9551;-1.2916;0.1293;21.920584
545;1047;-0.0028;0.9548;-1.2896;0.1285;21.920588
545;1048;-0.0028;0.9548;-1.2878;0.1277;21.920592
545;1049;-0.0027;0.9549;-1.2863;0.1277;21.920596
545;1050;-0.0028;0.9551;-1.2850;0.1277;21.920600
545;1051;-0.0027;0.9557;-1.2842;0.1269;21.920604
545;1052;-0.0027;0.9560;-1.2829;0.1270;21.920608
545;1053;-0.0027;0.9556;-1.2808;0.1262;21.920612
545;1054;-0.0027;0.9550;-1.2783;0.1254;21.920616
545;1055;-0.0027;0.9549;-1.2765;0.1246;21.920620
545;1056;-0.0027;0.9547;-1.2746;0.1246;21.920624
545;1057;-0.0027;0.9547;-1.2731;0.1270;21.920628
545;1058;-0.0027;0.9550;-1.2717;0.1294;21.920632
545;1059;-0.0027;0.9551;-1.2703;0.1327;21.920636
545;1060;-0.0027;0.9549;-1.2683;0.1327;21.920640
545;1061;-0.0027;0.9547;-1.2665;0.1319;21.920644
545;1062;-0.0027;0.9549;-1.2652;0.1311;21.920648
545;1063;-0.0027;0.9551;-1.2638;0.1311;21.920652
545;1064;-0.0027;0.9551;-1.2622;0.1327;21.920656
545;1065;-0.0027;0.9551;-1.2606;0.1351;21.920660
545;1066;-0.0027;0.9554;-1.2593;0.1343;21.920664
545;1067;-0.0027;0.9554;-1.2578;0.1328;21.920668
545;1068;-0.0027;0.9553;-1.2561;0.1320;21.920672
545;1069;-0.0027;0.9551;-1.2542;0.1328;21.920676
545;1070;-0.0027;0.9553;-1.2528;0.1352;21.920680
545;1071;-0.0027;0.9550;-1.2508;0.1393;21.920684
545;1072;-0.0027;0.9550;-1.2493;0.1425;21.920688
545;1073;-0.0027;0.9555;-1.2484;0.1401;21.920692
545;1074;-0.0027;0.9557;-1.2470;0.1385;21.920696
545;1075;-0.0027;0.9555;-1.2451;0.1403;21.920700
545;1076;-0.0027;0.9558;-1.2440;0.1427;21.920704
545;1077;-0.0027;0.9559;-1.2426;0.1435;21.920708
545;1078;-0.0027;0.9559;-1.2410;0.1427;21.920712
545;1079;-0.0027;0.9559;-1.2394;0.1395;21.920716
545;1080;-0.0027;0.9558;-1.2377;0.1362;21.920720
545;1081;-0.0027;0.9560;-1.2363;0.1346;21.920724
545;1082;-0.0027;0.9560;-1.2349;0.1346;21.920728
545;1083;-0.0026;0.9557;-1.2328;0.1339;21.920732
545;1084;-0.0026;0.9555;-1.2310;0.1323;21.920736
545;1085;-0.0026;0.9556;-1.2295;0.1306;21.920740
545;1086;-0.0026;0.9561;-1.2287;0.1306;21.920744
545;1087;-0.0026;0.9566;-1.2278;0.1306;21.920748
545;1088;-0.0026;0.9569;-1.2266;0.1298;21.920752
545;1089;-0.0026;0.9572;-1.2254;0.1290;21.920756
545;1090;-0.0026;0.9570;-1.2237;0.1290;21.920760
545;1091;-0.0026;0.9569;-1.2219;0.1298;21.920764
545;1092;-0.0026;0.9566;-1.2201;0.1290;21.920768
545;1093;-0.0026;0.9565;-1.2184;0.1316;21.920772
545;1094;-0.0026;0.9564;-1.2167;0.1324;21.920776
545;1095;-0.0026;0.9563;-1.2150;0.1324;21.920780
545;1096;-0.0026;0.9565;-1.2137;0.1316;21.920784
545;1097;-0.0026;0.9565;-1.2123;0.1308;21.920788
545;1098;-0.0026;0.9564;-1.2106;0.1308;21.920792
545;1099;-0.0026;0.9563;-1.2089;0.1308;21.920796
545;1100;-0.0026;0.9567;-1.2079;0.1308;21.920800
545;1101;-0.0026;0.9569;-1.2066;0.1317;21.920804
545;1102;-0.0026;0.9566;-1.2048;0.1334;21.920808
545;1103;-0.0026;0.9568;-1.2035;0.1359;21.920812
545;1104;-0.0026;0.9571;-1.2023;0.1359;21.920816
545;1105;-0.0026;0.9568;-1.2005;0.1334;21.920820
545;1106;-0.0026;0.9563;-1.1983;0.1301;21.920824
545;1107;-0.0026;0.9565;-1.1971;0.1292;21.920828
545;1108;-0.0026;0.9566;-1.1956;0.1301;21.920832
545;1109;-0.0026;0.9566;-1.1942;0.1326;21.920836
545;1110;-0.0026;0.9570;-1.1932;0.1353;21.920840
545;1111;-0.0026;0.9571;-1.1918;0.1353;21.920844
545;1112;-0.0026;0.9567;-1.1899;0.1353;21.920848
545;1113;-0.0026;0.9568;-1.1884;0.1336;21.920852
545;1114;-0.0026;0.9571;-1.1873;0.1311;21.920856
545;1115;-0.0026;0.9574;-1.1861;0.1294;21.920860
545;1116;-0.0026;0.9572;-1.1845;0.1286;21.920864
545;1117;-0.0026;0.9567;-1.1824;0.1294;21.920868
545;1118;-0.0025;0.9567;-1.1809;0.1313;21.920872
545;1119;-0.0025;0.9570;-1.1797;0.1313;21.920876
545;1120;-0.0025;0.9573;-1.1786;0.1321;21.920880
545;1121;-0.0025;0.9574;-1.1773;0.1321;21.920884
545;1122;-0.0025;0.9571;-1.1754;0.1329;21.920888
545;1123;-0.0025;0.9569;-1.1738;0.1338;21.920892
545;1124;-0.0025;0.9567;-1.1721;0.1346;21.920896
545;1125;-0.0025;0.9570;-1.1710;0.1346;21.920900
545;1126;-0.0025;0.9573;-1.1698;0.1355;21.920904
545;1127;-0.0025;0.9576;-1.1687;0.1363;21.920908
545;1128;-0.0025;0.9578;-1.1676;0.1355;21.920912
545;1129;-0.0025;0.9579;-1.1661;0.1366;21.920916
545;1130;-0.0025;0.9580;-1.1648;0.1357;21.920920
545;1131;-0.0025;0.9578;-1.1631;0.1383;21.920924
545;1132;-0.0025;0.9575;-1.1613;0.1391;21.920928
545;1133;-0.0025;0.9575;-1.1599;0.1383;21.920932
545;1134;-0.0025;0.9576;-1.1585;0.1374;21.920936
545;1135;-0.0025;0.9574;-1.1568;0.1366;21.920940
545;1136;-0.0025;0.9571;-1.1550;0.1377;21.920944
545;1137;-0.0025;0.9569;-1.1533;0.1377;21.920948
545;1138;-0.0025;0.9569;-1.1519;0.1368;21.920952
545;1139;-0.0025;0.9572;-1.1509;0.1359;21.920956
545;1140;-0.0025;0.9575;-1.1498;0.1359;21.920960
545;1141;-0.0025;0.9576;-1.1485;0.1377;21.920964
545;1142;-0.0025;0.9575;-1.1469;0.1377;21.920968
545;1143;-0.0025;0.9569;-1.1448;0.1368;21.920972
545;1144;-0.0025;0.9568;-1.1432;0.1359;21.920976
545;1145;-0.0025;0.9569;-1.1419;0.1345;21.920980
545;1146;-0.0025;0.9571;-1.1408;0.1319;21.920984
545;1147;-0.0025;0.9574;-1.1396;0.1319;21.920988
545;1148;-0.0025;0.9577;-1.1386;0.1327;21.920992
545;1149;-0.0025;0.9574;-1.1370;0.1319;21.920996
545;1150;-0.0025;0.9571;-1.1350;0.1319;21.921000
545;1151;-0.0025;0.9570;-1.1336;0.1327;21.921004
545;1152;-0.0025;0.9576;-1.1329;0.1362;21.921008
545;1153;-0.0025;0.9579;-1.1317;0.1379;21.921012
545;1154;-0.0024;0.9578;-1.1303;0.1379;21.921016
545;1155;-0.0024;0.9577;-1.1287;0.1379;21.921020
545;1156;-0.0024;0.9578;-1.1275;0.1399;21.921024
545;1157;-0.0024;0.9577;-1.1260;0.1399;21.921028
545;1158;-0.0024;0.9576;-1.1244;0.1391;21.921032
545;1159;-0.0024;0.9574;-1.1227;0.1391;21.921036
545;1160;-0.0024;0.9574;-1.1214;0.1382;21.921040
545;1161;-0.0024;0.9577;-1.1203;0.1356;21.921044
545;1162;-0.0024;0.9578;-1.1192;0.1347;21.921048
545;1163;-0.0024;0.9575;-1.1174;0.1364;21.921052
545;1164;-0.0024;0.9573;-1.1157;0.1382;21.921056
545;1165;-0.0024;0.9577;-1.1148;0.1402;21.921060
545;1166;-0.0024;0.9581;-1.1138;0.1411;21.921064
545;1167;-0.0024;0.9581;-1.1126;0.1411;21.921068
545;1168;-0.0024;0.9582;-1.1112;0.1420;21.921072
545;1169;-0.0024;0.9581;-1.1098;0.1429;21.921076
545;1170;-0.0024;0.9581;-1.1084;0.1455;21.921080
545;1171;-0.0024;0.9581;-1.1071;0.1499;21.921084
545;1172;-0.0024;0.9580;-1.1056;0.1561;21.921088
545;1173;-0.0024;0.9580;-1.1041;0.1605;21.921092
545;1174;-0.0024;0.9579;-1.1027;0.1570;21.921096
545;1175;-0.0024;0.9578;-1.1012;0.1520;21.921100
545;1176;-0.0024;0.9579;-1.0999;0.1485;21.921104
545;1177;-0.0024;0.9582;-1.0990;0.1458;21.921108
545;1178;-0.0024;0.9583;-1.0976;0.1432;21.921112
545;1179;-0.0024;0.9579;-1.0959;0.1414;21.921116
545;1180;-0.0024;0.9580;-1.0946;0.1396;21.921120
545;1181;-0.0024;0.9579;-1.0932;0.1396;21.921124
545;1182;-0.0024;0.9578;-1.0917;0.1396;21.921128
545;1183;-0.0024;0.9580;-1.0906;0.1387;21.921132
545;1184;-0.0024;0.9584;-1.0897;0.1360;21.921136
545;1185;-0.0024;0.9584;-1.0884;0.1360;21.921140
545;1186;-0.0024;0.9583;-1.0869;0.1399;21.921144
545;1187;-0.0024;0.9583;-1.0856;0.1417;21.921148
545;1188;-0.0024;0.9588;-1.0847;0.1426;21.921152
545;1189;-0.0024;0.9590;-1.0836;0.1426;21.921156
545;1190;-0.0024;0.9587;-1.0820;0.1408;21.921160
545;1191;-0.0024;0.9583;-1.0802;0.1390;21.921164
545;1192;-0.0024;0.9584;-1.0790;0.1381;21.921168
545;1193;-0.0023;0.9586;-1.0779;0.1372;21.921172
545;1194;-0.0023;0.9585;-1.0765;0.1363;21.921176
545;1195;-0.0023;0.9586;-1.0752;0.1390;21.921180
545;1196;-0.0023;0.9588;-1.0740;0.1429;21.921184
545;1197;-0.0023;0.9588;-1.0728;0.1438;21.921188
545;1198;-0.0023;0.9585;-1.0711;0.1438;21.921192
545;1199;-0.0023;0.9581;-1.0693;0.1429;21.921196
545;1200;-0.0023;0.9578;-1.0677;0.1420;21.921200
545;1201;-0.0023;0.9580;-1.0665;0.1411;21.921204
545;1202;-0.0023;0.9583;-1.0657;0.1402;21.921208
545;1203;-0.0023;0.9588;-1.0648;0.1402;21.921212
545;1204;-0.0023;0.9587;-1.0634;0.1411;21.921216
545;1205;-0.0023;0.9586;-1.0620;0.1420;21.921220
545;1206;-0.0023;0.9585;-1.0605;0.1432;21.921224
545;1207;-0.0023;0.9583;-1.0591;0.1432;21.921228
545;1208;-0.0023;0.9582;-1.0577;0.1414;21.921232
545;1209;-0.0023;0.9583;-1.0564;0.1396;21.921236
545;1210;-0.0023;0.9586;-1.0555;0.1387;21.921240
545;1211;-0.0023;0.9586;-1.0542;0.1368;21.921244
545;1212;-0.0023;0.9583;-1.0526;0.1359;21.921248
545;1213;-0.0023;0.9582;-1.0511;0.1359;21.921252
545;1214;-0.0023;0.9582;-1.0498;0.1368;21.921256
545;1215;-0.0023;0.9582;-1.0485;0.1359;21.921260
545;1216;-0.0023;0.9579;-1.0470;0.1362;21.921264
545;1217;-0.0023;0.9578;-1.0455;0.1371;21.921268
545;1218;-0.0023;0.9579;-1.0444;0.1371;21.921272
545;1219;-0.0023;0.9586;-1.0438;0.1371;21.921276
545;1220;-0.0023;0.9591;-1.0431;0.1371;21.921280
545;1221;-0.0023;0.9594;-1.0421;0.1390;21.921284
545;1222;-0.0023;0.9592;-1.0407;0.1417;21.921288
545;1223;-0.0023;0.9591;-1.0392;0.1454;21.921292
545;1224;-0.0023;0.9593;-1.0382;0.1472;21.921296
545;1225;-0.0023;0.9589;-1.0366;0.1472;21.921300
545;1226;-0.0023;0.9586;-1.0349;0.1454;21.921304
545;1227;-0.0023;0.9589;-1.0340;0.1426;21.921308
545;1228;-0.0023;0.9589;-1.0327;0.1411;21.921312
545;1229;-0.0023;0.9582;-1.0307;0.1384;21.921316
545;1230;-0.0023;0.9580;-1.0292;0.1384;21.921320
545;1231;-0.0023;0.9587;-1.0286;0.1384;21.921324
545;1232;-0.0023;0.9591;-1.0278;0.1374;21.921328
545;1233;-0.0023;0.9590;-1.0264;0.1365;21.921332
545;1234;-0.0022;0.9586;-1.0248;0.1365;21.921336
545;1235;-0.0022;0.9587;-1.0236;0.1374;21.921340
545;1236;-0.0022;0.9591;-1.0228;0.1365;21.921344
545;1237;-0.0022;0.9594;-1.0219;0.1374;21.921348
545;1238;-0.0022;0.9598;-1.0211;0.1393;21.921352
545;1239;-0.0022;0.9596;-1.0195;0.1402;21.921356
545;1240;-0.0022;0.9592;-1.0179;0.1406;21.921360
545;1241;-0.0022;0.9592;-1.0166;0.1396;21.921364
545;1242;-0.0022;0.9592;-1.0153;0.1396;21.921368
545;1243;-0.0022;0.9591;-1.0140;0.1396;21.921372
545;1244;-0.0022;0.9589;-1.0125;0.1406;21.921376
545;1245;-0.0022;0.9589;-1.0113;0.1406;21.921380
545;1246;-0.0022;0.9593;-1.0105;0.1406;21.921384
545;1247;-0.0022;0.9599;-1.0099;0.1424;21.921388
545;1248;-0.0022;0.9600;-1.0088;0.1443;21.921392
545;1249;-0.0022;0.9595;-1.0070;0.1453;21.921396
545;1250;-0.0022;0.9592;-1.0054;0.1465;21.921400
545;1251;-0.0022;0.9591;-1.0041;0.1446;21.921404
545;1252;-0.0022;0.9597;-1.0035;0.1446;21.921408
545;1253;-0.0022;0.9604;-1.0030;0.1446;21.921412
545;1254;-0.0022;0.9607;-1.0021;0.1427;21.921416
545;1255;-0.0022;0.9606;-1.0007;0.1390;21.921420
545;1256;-0.0022;0.9600;-0.9989;0.1361;21.921424
545;1257;-0.0022;0.9592;-0.9967;0.1352;21.921428
545;1258;-0.0022;0.9591;-0.9955;0.1361;21.921432
545;1259;-0.0022;0.9594;-0.9947;0.1371;21.921436
545;1260;-0.0022;0.9599;-0.9939;0.1380;21.921440
545;1261;-0.0022;0.9605;-0.9933;0.1390;21.921444
545;1262;-0.0022;0.9609;-0.9925;0.1390;21.921448
545;1263;-0.0022;0.9609;-0.9913;0.1399;21.921452
545;1264;-0.0022;0.9609;-0.9901;0.1412;21.921456
545;1265;-0.0022;0.9610;-0.9889;0.1393;21.921460
545;1266;-0.0022;0.9611;-0.9879;0.1393;21.921464
545;1267;-0.0022;0.9611;-0.9866;0.1383;21.921468
545;1268;-0.0022;0.9612;-0.9855;0.1383;21.921472
545;1269;-0.0022;0.9611;-0.9843;0.1393;21.921476
545;1270;-0.0022;0.9614;-0.9833;0.1421;21.921480
545;1271;-0.0022;0.9616;-0.9823;0.1431;21.921484
545;1272;-0.0022;0.9620;-0.9815;0.1421;21.921488
545;1273;-0.0022;0.9624;-0.9807;0.1412;21.921492
545;1274;-0.0022;0.9623;-0.9794;0.1402;21.921496
545;1275;-0.0022;0.9615;-0.9774;0.1393;21.921500
545;1276;-0.0022;0.9613;-0.9760;0.1405;21.921504
545;1277;-0.0022;0.9619;-0.9754;0.1415;21.921508
545;1278;-0.0022;0.9625;-0.9748;0.1434;21.921512
545;1279;-0.0021;0.9628;-0.9739;0.1473;21.921516
545;1280;-0.0021;0.9627;-0.9726;0.1492;21.921520
545;1281;-0.0021;0.9620;-0.9707;0.1502;21.921524
545;1282;-0.0021;0.9618;-0.9693;0.1502;21.921528
545;1283;-0.0021;0.9619;-0.9682;0.1511;21.921532
545;1284;-0.0021;0.9623;-0.9675;0.1521;21.921536
545;1285;-0.0021;0.9628;-0.9668;0.1511;21.921540
545;1286;-0.0021;0.9633;-0.9661;0.1502;21.921544
545;1287;-0.0021;0.9635;-0.9651;0.1511;21.921548
545;1288;-0.0021;0.9634;-0.9638;0.1531;21.921552
545;1289;-0.0021;0.9633;-0.9626;0.1550;21.921556
545;1290;-0.0021;0.9631;-0.9612;0.1550;21.921560
545;1291;-0.0021;0.9632;-0.9600;0.1535;21.921564
545;1292;-0.0021;0.9628;-0.9585;0.1506;21.921568
545;1293;-0.0021;0.9627;-0.9572;0.1487;21.921572
545;1294;-0.0021;0.9629;-0.9562;0.1487;21.921576
545;1295;-0.0021;0.9636;-0.9558;0.1496;21.921580
545;1296;-0.0021;0.9635;-0.9545;0.1477;21.921584
545;1297;-0.0021;0.9631;-0.9530;0.1448;21.921588
545;1298;-0.0021;0.9632;-0.9519;0.1428;21.921592
545;1299;-0.0021;0.9637;-0.9512;0.1419;21.921596
545;1300;-0.0021;0.9645;-0.9508;0.1419;21.921600
545;1301;-0.0021;0.9651;-0.9502;0.1419;21.921604
545;1302;-0.0021;0.9655;-0.9494;0.1438;21.921608
545;1303;-0.0021;0.9648;-0.9476;0.1448;21.921612
545;1304;-0.0021;0.9638;-0.9455;0.1448;21.921616
545;1305;-0.0021;0.9638;-0.9443;0.1442;21.921620
545;1306;-0.0021;0.9649;-0.9442;0.1413;21.921624
545;1307;-0.0021;0.9656;-0.9437;0.1389;21.921628
545;1308;-0.0021;0.9659;-0.9429;0.1393;21.921632
545;1309;-0.0021;0.9660;-0.9418;0.1413;21.921636
545;1310;-0.0021;0.9662;-0.9409;0.1442;21.921640
545;1311;-0.0021;0.9669;-0.9404;0.1452;21.921644
545;1312;-0.0021;0.9670;-0.9394;0.1452;21.921648
545;1313;-0.0021;0.9669;-0.9381;0.1452;21.921652
545;1314;-0.0021;0.9672;-0.9372;0.1432;21.921656
545;1315;-0.0021;0.9670;-0.9359;0.1413;21.921660
545;1316;-0.0021;0.9671;-0.9348;0.1403;21.921664
545;1317;-0.0021;0.9675;-0.9341;0.1422;21.921668
545;1318;-0.0021;0.9682;-0.9337;0.1432;21.921672
545;1319;-0.0021;0.9682;-0.9325;0.1442;21.921676
545;1320;-0.0021;0.9681;-0.9312;0.1442;21.921680
545;1321;-0.0021;0.9682;-0.9302;0.1432;21.921684
545;1322;-0.0021;0.9681;-0.9290;0.1422;21.921688
545;1323;-0.0021;0.9686;-0.9283;0.1432;21.921692
545;1324;-0.0021;0.9695;-0.9280;0.1432;21.921696
545;1325;-0.0021;0.9701;-0.9274;0.1432;21.921700
545;1326;-0.0021;0.9699;-0.9261;0.1422;21.921704
545;1327;-0.0021;0.9701;-0.9251;0.1413;21.921708
545;1328;-0.0021;0.9704;-0.9243;0.1403;21.921712
545;1329;-0.0021;0.9707;-0.9234;0.1425;21.921716
545;1330;-0.0021;0.9711;-0.9228;0.1435;21.921720
545;1331;-0.0021;0.9712;-0.9217;0.1425;21.921724
545;1332;-0.0021;0.9718;-0.9211;0.1415;21.921728
545;1333;-0.0021;0.9719;-0.9201;0.1425;21.921732
545;1334;-0.0021;0.9719;-0.9189;0.1445;21.921736
545;1335;-0.0020;0.9724;-0.9183;0.1445;21.921740
545;1336;-0.0020;0.9730;-0.9177;0.1425;21.921744
545;1337;-0.0020;0.9729;-0.9165;0.1396;21.921748
545;1338;-0.0020;0.9724;-0.9149;0.1346;21.921752
545;1339;-0.0020;0.9711;-0.9125;0.1277;21.921756
545;1340;-0.0020;0.9703;-0.9107;0.1239;21.921760
545;1341;-0.0020;0.9706;-0.9098;0.1234;21.921764
545;1342;-0.0020;0.9711;-0.9092;0.1244;21.921768
545;1343;-0.0020;0.9720;-0.9089;0.1260;21.921772
545;1344;-0.0020;0.9731;-0.9088;0.1287;21.921776
545;1345;-0.0020;0.9747;-0.9092;0.1326;21.921780
545;1346;-0.0020;0.9765;-0.9098;0.1366;21.921784
545;1347;-0.0020;0.9775;-0.9095;0.1386;21.921788
545;1348;-0.0020;0.9778;-0.9088;0.1396;21.921792
545;1349;-0.0020;0.9785;-0.9083;0.1386;21.921796
545;1350;-0.0020;0.9799;-0.9085;0.1366;21.921800
545;1351;-0.0020;0.9805;-0.9079;0.1366;21.921804
545;1352;-0.0020;0.9807;-0.9069;0.1396;21.921808
545;1353;-0.0020;0.9810;-0.9061;0.1415;21.921812
545;1354;-0.0020;0.9814;-0.9054;0.1415;21.921816
545;1355;-0.0020;0.9817;-0.9045;0.1406;21.921820
545;1356;-0.0020;0.9821;-0.9038;0.1396;21.921824
545;1357;-0.0020;0.9828;-0.9033;0.1396;21.921828
545;1358;-0.0020;0.9836;-0.9030;0.1406;21.921832
545;1359;-0.0020;0.9846;-0.9027;0.1406;21.921836
545;1360;-0.0020;0.9859;-0.9028;0.1396;21.921840
545;1361;-0.0020;0.9867;-0.9025;0.1386;21.921844
545;1362;-0.0020;0.9868;-0.9015;0.1396;21.921848
545;1363;-0.0020;0.9869;-0.9004;0.1406;21.921852
545;1364;-0.0020;0.9865;-0.8990;0.1406;21.921856
545;1365;-0.0020;0.9867;-0.8980;0.1396;21.921860
545;1366;-0.0020;0.9879;-0.8980;0.1376;21.921864
545;1367;-0.0020;0.9890;-0.8979;0.1366;21.921868
545;1368;-0.0020;0.9891;-0.8969;0.1356;21.921872
545;1369;-0.0020;0.9898;-0.8964;0.1336;21.921876
545;1370;-0.0020;0.9910;-0.8964;0.1336;21.921880
545;1371;-0.0020;0.9918;-0.8960;0.1346;21.921884
545;1372;-0.0020;0.9921;-0.8952;0.1346;21.921888
545;1373;-0.0020;0.9923;-0.8943;0.1336;21.921892
545;1374;-0.0020;0.9928;-0.8936;0.1336;21.921896
545;1375;-0.0020;0.9935;-0.8931;0.1326;21.921900
545;1376;-0.0020;0.9945;-0.8929;0.1346;21.921904
545;1377;-0.0020;0.9952;-0.8925;0.1346;21.921908
545;1378;-0.0020;0.9961;-0.8921;0.1336;21.921912
545;1379;-0.0020;0.9968;-0.8917;0.1326;21.921916
545;1380;-0.0020;0.9972;-0.8910;0.1307;21.921920
545;1381;-0.0020;0.9972;-0.8899;0.1297;21.921924
545;1382;-0.0020;0.9978;-0.8893;0.1297;21.921928
545;1383;-0.0020;0.9994;-0.8896;0.1287;21.921932
545;1384;-0.0020;1.0002;-0.8893;0.1287;21.921936
545;1385;-0.0020;1.0005;-0.8884;0.1287;21.921940
545;1386;-0.0020;1.0010;-0.8877;0.1277;21.921944
545;1387;-0.0020;1.0020;-0.8875;0.1277;21.921948
545;1388;-0.0020;1.0033;-0.8875;0.1277;21.921952
545;1389;-0.0020;1.0040;-0.8871;0.1267;21.921956
545;1390;-0.0020;1.0046;-0.8865;0.1254;21.921960
545;1391;-0.0020;1.0053;-0.8860;0.1245;21.921964
545;1392;-0.0020;1.0065;-0.8861;0.1226;21.921968
545;1393;-0.0020;1.0079;-0.8862;0.1207;21.921972
545;1394;-0.0020;1.0088;-0.8859;0.1199;21.921976
545;1395;-0.0020;1.0098;-0.8856;0.1203;21.921980
545;1396;-0.0020;1.0101;-0.8848;0.1208;21.921984
545;1397;-0.0020;1.0106;-0.8842;0.1204;21.921988
545;1398;-0.0020;1.0109;-0.8833;0.1185;21.921992
545;1399;-0.0020;1.0113;-0.8826;0.1178;21.921996
545;1400;-0.0020;1.0125;-0.8825;0.1175;21.922000
545;1401;-0.0020;1.0135;-0.8823;0.1170;21.922004
545;1402;-0.0020;1.0144;-0.8820;0.1163;21.922008
545;1403;-0.0020;1.0153;-0.8817;0.1158;21.922012
545;1404;-0.0020;1.0167;-0.8818;0.1151;21.922016
545;1405;-0.0020;1.0180;-0.8818;0.1138;21.922020
545;1406;-0.0020;1.0192;-0.8818;0.1124;21.922024
545;1407;-0.0020;1.0199;-0.8813;0.1108;21.922028
545;1408;-0.0020;1.0204;-0.8806;0.1101;21.922032
545;1409;-0.0020;1.0215;-0.8805;0.1096;21.922036
545;1410;-0.0020;1.0229;-0.8806;0.1090;21.922040
545;1411;-0.0020;1.0237;-0.8801;0.1093;21.922044
545;1412;-0.0020;1.0250;-0.8802;0.1078;21.922048
545;1413;-0.0020;1.0265;-0.8804;0.1056;21.922052
545;1414;-0.0020;1.0277;-0.8803;0.1021;21.922056
545;1415;-0.0020;1.0287;-0.8802;0.0992;21.922060
545;1416;-0.0020;1.0304;-0.8804;0.0987;21.922064
545;1417;-0.0020;1.0323;-0.8811;0.0983;21.922068
545;1418;-0.0020;1.0334;-0.8809;0.0968;21.922072
545;1419;-0.0020;1.0331;-0.8794;0.0963;21.922076
545;1420;-0.0020;1.0330;-0.8784;0.0963;21.922080
545;1421;-0.0020;1.0343;-0.8783;0.0959;21.922084
545;1422;-0.0020;1.0359;-0.8786;0.0945;21.922088
545;1423;-0.0020;1.0371;-0.8785;0.0936;21.922092
545;1424;-0.0020;1.0379;-0.8781;0.0932;21.922096
545;1425;-0.0020;1.0391;-0.8780;0.0916;21.922100
545;1426;-0.0020;1.0406;-0.8781;0.0911;21.922104
545;1427;-0.0020;1.0419;-0.8782;0.0898;21.922108
545;1428;-0.0020;1.0429;-0.8779;0.0872;21.922112
545;1429;-0.0020;1.0439;-0.8777;0.0844;21.922116
545;1430;-0.0020;1.0450;-0.8775;0.0830;21.922120
545;1431;-0.0020;1.0459;-0.8772;0.0822;21.922124
545;1432;-0.0020;1.0481;-0.8779;0.0810;21.922128
545;1433;-0.0020;1.0505;-0.8789;0.0797;21.922132
545;1434;-0.0020;1.0525;-0.8794;0.0779;21.922136
545;1435;-0.0020;1.0548;-0.8802;0.0766;21.922140
545;1436;-0.0020;1.0575;-0.8814;0.0750;21.922144
545;1437;-0.0020;1.0586;-0.8812;0.0730;21.922148
545;1438;-0.0020;1.0582;-0.8798;0.0708;21.922152
545;1439;-0.0020;1.0575;-0.8781;0.0688;21.922156
545;1440;-0.0020;1.0587;-0.8781;0.0669;21.922160
545;1441;-0.0020;1.0625;-0.8800;0.0654;21.922164
545;1442;-0.0020;1.0672;-0.8828;0.0640;21.922168
545;1443;-0.0020;1.0709;-0.8849;0.0633;21.922172
545;1444;-0.0020;1.0727;-0.8852;0.0617;21.922176
545;1445;-0.0032;1.6299;-1.3434;0.0472;21.922180
545;1446;-0.0032;1.6312;-1.3427;0.0463;21.922184
545;1447;-0.0032;1.6350;-1.3441;0.0452;21.922188
545;1448;-0.0032;1.6385;-1.3454;0.0436;21.922192
545;1449;-0.0021;1.0839;-0.8888;0.0536;21.922196
545;1450;-0.0032;1.6454;-1.3477;0.0412;21.922200
545;1451;-0.0032;1.6471;-1.3473;0.0403;21.922204
545;1452;-0.0032;1.6496;-1.3477;0.0383;21.922208
545;1453;-0.0032;1.6527;-1.3485;0.0373;21.922212
545;1454;-0.0032;1.6543;-1.3482;0.0370;21.922216
545;1455;-0.0032;1.6543;-1.3466;0.0365;21.922220
545;1456;-0.0032;1.6550;-1.3454;0.0354;21.922224
545;1457;-0.0032;1.6570;-1.3452;0.0338;21.922228
545;1458;-0.0032;1.6617;-1.3475;0.0328;21.922232
545;1459;-0.0032;1.6662;-1.3493;0.0319;21.922236
545;1460;-0.0032;1.6670;-1.3483;0.0307;21.922240
545;1461;-0.0021;1.1071;-0.8943;0.0367;21.922244
545;1462;-0.0021;1.1124;-0.8975;0.0353;21.922248
545;1463;-0.0021;1.1178;-0.9007;0.0343;21.922252
545;1464;-0.0033;1.6846;-1.3558;0.0272;21.922256
545;1465;-0.0033;1.6952;-1.3625;0.0262;21.922260
545;1466;-0.0021;1.1437;-0.9182;0.0302;21.922264
545;1467;-0.0021;1.1479;-0.9203;0.0291;21.922268
545;1468;-0.0021;1.1487;-0.9198;0.0287;21.922272
545;1469;-0.0021;1.1501;-0.9198;0.0278;21.922276
545;1470;-0.0022;1.1552;-0.9227;0.0259;21.922280
545;1471;-0.0022;1.1638;-0.9284;0.0253;21.922284
545;1472;-0.0022;1.1721;-0.9338;0.0258;21.922288
545;1473;-0.0022;1.1820;-0.9405;0.0260;21.922292
545;1474;-0.0022;1.1905;-0.9461;0.0252;21.922296
545;1475;-0.0022;1.1964;-0.9496;0.0241;21.922300
545;1476;-0.0022;1.2024;-0.9532;0.0247;21.922304
545;1477;-0.0023;1.2110;-0.9587;0.0256;21.922308
545;1478;-0.0023;1.2207;-0.9652;0.0263;21.922312
545;1479;-0.0023;1.2290;-0.9706;0.0276;21.922316
545;1480;-0.0023;1.2371;-0.9757;0.0290;21.922320
545;1481;-0.0023;1.2433;-0.9795;0.0289;21.922324
545;1482;-0.0023;1.2498;-0.9832;0.0271;21.922328
545;1483;-0.0023;1.2543;-0.9856;0.0271;21.922332
545;1484;-0.0023;1.2588;-0.9878;0.0296;21.922336
545;1485;-0.0023;1.2658;-0.9920;0.0332;21.922340
545;1486;-0.0024;1.2728;-0.9963;0.0351;21.922344
545;1487;-0.0024;1.2776;-0.9988;0.0344;21.922348
545;1488;-0.0024;1.2813;-1.0004;0.0332;21.922352
545;1489;-0.0024;1.2876;-1.0041;0.0328;21.922356
545;1490;-0.0024;1.2924;-1.0065;0.0327;21.922360
545;1491;-0.0024;1.2954;-1.0077;0.0320;21.922364
545;1492;-0.0024;1.2987;-1.0089;0.0330;21.922368
545;1493;-0.0024;1.3029;-1.0109;0.0352;21.922372
545;1494;-0.0024;1.3063;-1.0123;0.0376;21.922376
545;1495;-0.0024;1.3086;-1.0127;0.0399;21.922380
545;1496;-0.0024;1.3123;-1.0143;0.0413;21.922384
545;1497;-0.0024;1.3170;-1.0166;0.0424;21.922388
545;1498;-0.0024;1.3207;-1.0183;0.0434;21.922392
545;1499;-0.0024;1.3241;-1.0195;0.0449;21.922396
545;1500;-0.0024;1.3272;-1.0206;0.0468;21.922400
545;1501;-0.0024;1.3305;-1.0219;0.0479;21.922404
545;1502;-0.0024;1.3330;-1.0225;0.0489;21.922408
545;1503;-0.0024;1.3353;-1.0230;0.0507;21.922412
545;1504;-0.0024;1.3384;-1.0240;0.0524;21.922416
545;1505;-0.0025;1.3415;-1.0251;0.0540;21.922420
545;1506;-0.0025;1.3442;-1.0259;0.0556;21.922424
545;1507;-0.0025;1.3465;-1.0263;0.0569;21.922428
545;1508;-0.0025;1.3479;-1.0260;0.0585;21.922432
545;1509;-0.0025;1.3494;-1.0259;0.0600;21.922436
545;1510;-0.0025;1.3515;-1.0262;0.0608;21.922440
545;1511;-0.0025;1.3554;-1.0279;0.0612;21.922444
545;1512;-0.0025;1.3611;-1.0308;0.0620;21.922448
545;1513;-0.0025;1.3644;-1.0320;0.0624;21.922452
545;1514;-0.0025;1.3655;-1.0315;0.0636;21.922456
545;1515;-0.0025;1.3676;-1.0318;0.0638;21.922460
545;1516;-0.0025;1.3709;-1.0330;0.0640;21.922464
545;1517;-0.0025;1.3729;-1.0332;0.0649;21.922468
545;1518;-0.0025;1.3750;-1.0335;0.0649;21.922472
545;1519;-0.0025;1.3778;-1.0343;0.0643;21.922476
545;1520;-0.0025;1.3807;-1.0351;0.0641;21.922480
545;1521;-0.0025;1.3844;-1.0366;0.0640;21.922484
545;1522;-0.0025;1.3893;-1.0389;0.0634;21.922488
545;1523;-0.0025;1.3941;-1.0411;0.0627;21.922492
545;1524;-0.0025;1.3985;-1.0430;0.0620;21.922496
545;1525;-0.0025;1.4024;-1.0446;0.0618;21.922500
545;1526;-0.0025;1.4062;-1.0462;0.0607;21.922504
545;1527;-0.0025;1.4109;-1.0484;0.0594;21.922508
545;1528;-0.0025;1.4180;-1.0522;0.0577;21.922512
545;1529;-0.0026;1.4259;-1.0568;0.0567;21.922516
545;1530;-0.0026;1.4368;-1.0634;0.0575;21.922520
545;1531;-0.0026;1.4565;-1.0766;0.0652;21.922524
545;1532;-0.0027;1.4803;-1.0928;0.0928;21.922528
545;1533;-0.0016;0.9146;-0.6743;0.2469;21.922532
545;1534;-0.0016;0.9201;-0.6775;0.3519;21.922536
545;1535;-0.0016;0.9212;-0.6775;0.4330;21.922540
545;1536;-0.0016;0.9213;-0.6766;0.4783;21.922544
545;1537;-0.0016;0.9216;-0.6760;0.5010;21.922548
545;1538;-0.0016;0.9219;-0.6753;0.5105;21.922552
545;1539;-0.0016;0.9216;-0.6742;0.5105;21.922556
545;1540;-0.0016;0.9213;-0.6732;0.5105;21.922560
545;1541;-0.0016;0.9214;-0.6724;0.5105;21.922564
545;1542;-0.0016;0.9219;-0.6719;0.5105;21.922568
545;1543;-0.0016;0.9223;-0.6713;0.5153;21.922572
545;1544;-0.0016;0.9222;-0.6703;0.5225;21.922576
545;1545;-0.0016;0.9218;-0.6692;0.5287;21.922580
545;1546;-0.0016;0.9216;-0.6682;0.5251;21.922584
545;1547;-0.0016;0.9216;-0.6674;0.5227;21.922588
545;1548;-0.0015;0.9217;-0.6666;0.5191;21.922592
545;1549;-0.0015;0.9219;-0.6658;0.5131;21.922596
545;1550;-0.0015;0.9220;-0.6651;0.5106;21.922600
545;1551;-0.0015;0.9220;-0.6642;0.5118;21.922604
545;1552;-0.0015;0.9222;-0.6635;0.5143;21.922608
545;1553;-0.0015;0.9225;-0.6628;0.5118;21.922612
545;1554;-0.0015;0.9223;-0.6618;0.5094;21.922616
545;1555;-0.0015;0.9223;-0.6610;0.5094;21.922620
545;1556;-0.0015;0.9223;-0.6601;0.5106;21.922624
545;1557;-0.0015;0.9224;-0.6593;0.5082;21.922628
545;1558;-0.0015;0.9222;-0.6583;0.5082;21.922632
545;1559;-0.0015;0.9222;-0.6575;0.5118;21.922636
545;1560;-0.0015;0.9220;-0.6565;0.5155;21.922640
545;1561;-0.0015;0.9219;-0.6555;0.5179;21.922644
545;1562;-0.0015;0.9218;-0.6546;0.5179;21.922648
545;1563;-0.0015;0.9216;-0.6537;0.5209;21.922652
545;1564;-0.0015;0.9218;-0.6529;0.5185;21.922656
545;1565;-0.0015;0.9218;-0.6521;0.5136;21.922660
545;1566;-0.0015;0.9218;-0.6513;0.5075;21.922664
545;1567;-0.0015;0.9220;-0.6505;0.5063;21.922668
545;1568;-0.0015;0.9221;-0.6497;0.5161;21.922672
545;1569;-0.0015;0.9222;-0.6490;0.5258;21.922676
545;1570;-0.0015;0.9224;-0.6483;0.5295;21.922680
545;1571;-0.0015;0.9224;-0.6475;0.5282;21.922684
545;1572;-0.0015;0.9225;-0.6467;0.5270;21.922688
545;1573;-0.0015;0.9226;-0.6459;0.5258;21.922692
545;1574;-0.0015;0.9226;-0.6450;0.5209;21.922696
545;1575;-0.0015;0.9226;-0.6442;0.5136;21.922700
545;1576;-0.0015;0.9226;-0.6434;0.5027;21.922704
545;1577;-0.0015;0.9228;-0.6426;0.4917;21.922708
545;1578;-0.0015;0.9230;-0.6420;0.4808;21.922712
545;1579;-0.0015;0.9230;-0.6411;0.4735;21.922716
545;1580;-0.0015;0.9231;-0.6403;0.4759;21.922720
545;1581;-0.0015;0.9230;-0.6395;0.4844;21.922724
545;1582;-0.0015;0.9230;-0.6386;0.4942;21.922728
545;1583;-0.0015;0.9229;-0.6377;0.5002;21.922732
545;1584;-0.0015;0.9231;-0.6370;0.5039;21.922736
545;1585;-0.0015;0.9231;-0.6362;0.5088;21.922740
545;1586;-0.0015;0.9231;-0.6353;0.5148;21.922744
545;1587;-0.0015;0.9231;-0.6345;0.5197;21.922748
545;1588;-0.0015;0.9230;-0.6336;0.5260;21.922752
545;1589;-0.0015;0.9230;-0.6328;0.5223;21.922756
545;1590;-0.0015;0.9232;-0.6320;0.5174;21.922760
545;1591;-0.0015;0.9230;-0.6311;0.5137;21.922764
545;1592;-0.0015;0.9226;-0.6300;0.5150;21.922768
545;1593;-0.0015;0.9225;-0.6291;0.5137;21.922772
545;1594;-0.0015;0.9228;-0.6285;0.5137;21.922776
545;1595;-0.0015;0.9230;-0.6278;0.5187;21.922780
545;1596;-0.0015;0.9231;-0.6270;0.5236;21.922784
545;1597;-0.0015;0.9232;-0.6263;0.5260;21.922788
545;1598;-0.0015;0.9236;-0.6257;0.5285;21.922792
545;1599;-0.0015;0.9238;-0.6250;0.5297;21.922796
545;1600;-0.0015;0.9240;-0.6243;0.5309;21.922800
545;1601;-0.0015;0.9237;-0.6234;0.5309;21.922804
545;1602;-0.0015;0.9234;-0.6223;0.5297;21.922808
545;1603;-0.0015;0.9232;-0.6213;0.5273;21.922812
545;1604;-0.0015;0.9237;-0.6209;0.5273;21.922816
545;1605;-0.0015;0.9241;-0.6203;0.5297;21.922820
545;1606;-0.0015;0.9239;-0.6193;0.5297;21.922824
545;1607;-0.0015;0.9236;-0.6183;0.5260;21.922828
545;1608;-0.0015;0.9236;-0.6175;0.5223;21.922832
545;1609;-0.0015;0.9238;-0.6168;0.5211;21.922836
545;1610;-0.0015;0.9239;-0.6161;0.5223;21.922840
545;1611;-0.0015;0.9242;-0.6154;0.5273;21.922844
545;1612;-0.0015;0.9239;-0.6144;0.5379;21.922848
545;1613;-0.0015;0.9237;-0.6135;0.5416;21.922852
545;1614;-0.0015;0.9239;-0.6128;0.5416;21.922856
545;1615;-0.0015;0.9242;-0.6122;0.5453;21.922860
545;1616;-0.0015;0.9244;-0.6115;0.5503;21.922864
545;1617;-0.0015;0.9245;-0.6107;0.5503;21.922868
545;1618;-0.0014;0.9246;-0.6100;0.5466;21.922872
545;1619;-0.0014;0.9242;-0.6089;0.5429;21.922876
545;1620;-0.0014;0.9239;-0.6078;0.5391;21.922880
545;1621;-0.0014;0.9236;-0.6069;0.5329;21.922884
545;1622;-0.0014;0.9240;-0.6063;0.5292;21.922888
545;1623;-0.0014;0.9242;-0.6057;0.5255;21.922892
545;1624;-0.0014;0.9242;-0.6048;0.5217;21.922896
545;1625;-0.0014;0.9241;-0.6040;0.5205;21.922900
545;1626;-0.0014;0.9242;-0.6032;0.5217;21.922904
545;1627;-0.0014;0.9244;-0.6026;0.5217;21.922908
545;1628;-0.0014;0.9243;-0.6017;0.5205;21.922912
545;1629;-0.0014;0.9244;-0.6010;0.5193;21.922916
545;1630;-0.0014;0.9245;-0.6002;0.5168;21.922920
545;1631;-0.0014;0.9247;-0.5995;0.5168;21.922924
545;1632;-0.0014;0.9248;-0.5988;0.5180;21.922928
545;1633;-0.0014;0.9247;-0.5979;0.5193;21.922932
545;1634;-0.0014;0.9242;-0.5968;0.5205;21.922936
545;1635;-0.0014;0.9241;-0.5959;0.5294;21.922940
545;1636;-0.0014;0.9245;-0.5953;0.5332;21.922944
545;1637;-0.0014;0.9247;-0.5947;0.5394;21.922948
545;1638;-0.0014;0.9245;-0.5937;0.5482;21.922952
545;1639;-0.0014;0.9246;-0.5930;0.5532;21.922956
545;1640;-0.0014;0.9249;-0.5924;0.5545;21.922960
545;1641;-0.0014;0.9251;-0.5917;0.5545;21.922964
545;1642;-0.0014;0.9249;-0.5908;0.5520;21.922968
545;1643;-0.0014;0.9248;-0.5899;0.5470;21.922972
545;1644;-0.0014;0.9249;-0.5892;0.5420;21.922976
545;1645;-0.0014;0.9251;-0.5885;0.5382;21.922980
545;1646;-0.0014;0.9252;-0.5878;0.5344;21.922984
545;1647;-0.0014;0.9250;-0.5869;0.5319;21.922988
545;1648;-0.0014;0.9251;-0.5862;0.5319;21.922992
545;1649;-0.0014;0.9251;-0.5854;0.5332;21.922996
545;1650;-0.0014;0.9251;-0.5846;0.5332;21.923000
545;1651;-0.0014;0.9252;-0.5838;0.5319;21.923004
545;1652;-0.0014;0.9254;-0.5832;0.5307;21.923008
545;1653;-0.0014;0.9257;-0.5826;0.5332;21.923012
545;1654;-0.0014;0.9257;-0.5818;0.5382;21.923016
545;1655;-0.0014;0.9257;-0.5810;0.5420;21.923020
545;1656;-0.0014;0.9256;-0.5802;0.5445;21.923024
545;1657;-0.0014;0.9252;-0.5791;0.5420;21.923028
545;1658;-0.0014;0.9252;-0.5783;0.5357;21.923032
545;1659;-0.0014;0.9257;-0.5779;0.5282;21.923036
545;1660;-0.0014;0.9259;-0.5772;0.5194;21.923040
545;1661;-0.0014;0.9259;-0.5763;0.5131;21.923044
545;1662;-0.0014;0.9259;-0.5756;0.5156;21.923048
545;1663;-0.0014;0.9260;-0.5748;0.5301;21.923052
545;1664;-0.0014;0.9259;-0.5740;0.5389;21.923056
545;1665;-0.0014;0.9261;-0.5733;0.5453;21.923060
545;1666;-0.0014;0.9262;-0.5726;0.5491;21.923064
545;1667;-0.0014;0.9262;-0.5718;0.5478;21.923068
545;1668;-0.0014;0.9261;-0.5710;0.5427;21.923072
545;1669;-0.0014;0.9260;-0.5702;0.5389;21.923076
545;1670;-0.0014;0.9257;-0.5692;0.5377;21.923080
545;1671;-0.0014;0.9258;-0.5685;0.5389;21.923084
545;1672;-0.0014;0.9258;-0.5677;0.5427;21.923088
545;1673;-0.0014;0.9259;-0.5670;0.5491;21.923092
545;1674;-0.0014;0.9259;-0.5662;0.5554;21.923096
545;1675;-0.0014;0.9260;-0.5655;0.5542;21.923100
545;1676;-0.0014;0.9260;-0.5647;0.5466;21.923104
545;1677;-0.0014;0.9259;-0.5638;0.5364;21.923108
545;1678;-0.0014;0.9258;-0.5630;0.5339;21.923112
545;1679;-0.0014;0.9257;-0.5622;0.5377;21.923116
545;1680;-0.0014;0.9258;-0.5614;0.5377;21.923120
545;1681;-0.0014;0.9259;-0.5608;0.5339;21.923124
545;1682;-0.0014;0.9263;-0.5602;0.5275;21.923128
545;1683;-0.0014;0.9264;-0.5595;0.5212;21.923132
545;1684;-0.0014;0.9261;-0.5585;0.5199;21.923136
545;1685;-0.0014;0.9259;-0.5576;0.5225;21.923140
545;1686;-0.0014;0.9262;-0.5570;0.5275;21.923144
545;1687;-0.0014;0.9264;-0.5564;0.5377;21.923148
545;1688;-0.0014;0.9263;-0.5555;0.5478;21.923152
545;1689;-0.0014;0.9263;-0.5548;0.5546;21.923156
545;1690;-0.0014;0.9266;-0.5542;0.5469;21.923160
545;1691;-0.0014;0.9266;-0.5534;0.5341;21.923164
545;1692;-0.0013;0.9262;-0.5524;0.5251;21.923168
545;1693;-0.0013;0.9261;-0.5516;0.5251;21.923172
545;1694;-0.0013;0.9262;-0.5509;0.5328;21.923176
545;1695;-0.0013;0.9264;-0.5502;0.5405;21.923180
545;1696;-0.0013;0.9264;-0.5495;0.5443;21.923184
545;1697;-0.0013;0.9263;-0.5486;0.5443;21.923188
545;1698;-0.0013;0.9265;-0.5480;0.5392;21.923192
545;1699;-0.0013;0.9266;-0.5472;0.5328;21.923196
545;1700;-0.0013;0.9265;-0.5464;0.5315;21.923200
545;1701;-0.0013;0.9263;-0.5455;0.5341;21.923204
545;1702;-0.0013;0.9265;-0.5449;0.5379;21.923208
545;1703;-0.0013;0.9269;-0.5444;0.5379;21.923212
545;1704;-0.0013;0.9267;-0.5435;0.5341;21.923216
545;1705;-0.0013;0.9269;-0.5429;0.5341;21.923220
545;1706;-0.0013;0.9271;-0.5422;0.5379;21.923224
545;1707;-0.0013;0.9271;-0.5414;0.5405;21.923228
545;1708;-0.0013;0.9270;-0.5406;0.5418;21.923232
545;1709;-0.0013;0.9269;-0.5398;0.5405;21.923236
545;1710;-0.0013;0.9270;-0.5391;0.5379;21.923240
545;1711;-0.0013;0.9272;-0.5385;0.5353;21.923244
545;1712;-0.0013;0.9272;-0.5377;0.5328;21.923248
545;1713;-0.0013;0.9270;-0.5368;0.5353;21.923252
545;1714;-0.0013;0.9268;-0.5360;0.5379;21.923256
545;1715;-0.0013;0.9273;-0.5355;0.5366;21.923260
545;1716;-0.0013;0.9276;-0.5349;0.5328;21.923264
545;1717;-0.0013;0.9272;-0.5339;0.5368;21.923268
545;1718;-0.0013;0.9271;-0.5331;0.5420;21.923272
545;1719;-0.0013;0.9271;-0.5324;0.5472;21.923276
545;1720;-0.0013;0.9273;-0.5317;0.5472;21.923280
545;1721;-0.0013;0.9274;-0.5310;0.5433;21.923284
545;1722;-0.0013;0.9275;-0.5303;0.5394;21.923288
545;1723;-0.0013;0.9277;-0.5296;0.5381;21.923292
545;1724;-0.0013;0.9275;-0.5288;0.5394;21.923296
545;1725;-0.0013;0.9275;-0.5280;0.5420;21.923300
545;1726;-0.0013;0.9275;-0.5273;0.5433;21.923304
545;1727;-0.0013;0.9277;-0.5266;0.5420;21.923308
545;1728;-0.0013;0.9277;-0.5259;0.5420;21.923312
545;1729;-0.0013;0.9278;-0.5252;0.5407;21.923316
545;1730;-0.0013;0.9276;-0.5243;0.5407;21.923320
545;1731;-0.0013;0.9278;-0.5237;0.5446;21.923324
545;1732;-0.0013;0.9279;-0.5230;0.5498;21.923328
545;1733;-0.0013;0.9281;-0.5223;0.5536;21.923332
545;1734;-0.0013;0.9281;-0.5216;0.5549;21.923336
545;1735;-0.0013;0.9281;-0.5209;0.5575;21.923340
545;1736;-0.0013;0.9280;-0.5201;0.5601;21.923344
545;1737;-0.0013;0.9279;-0.5193;0.5627;21.923348
545;1738;-0.0013;0.9280;-0.5186;0.5653;21.923352
545;1739;-0.0013;0.9280;-0.5178;0.5679;21.923356
545;1740;-0.0013;0.9283;-0.5173;0.5640;21.923360
545;1741;-0.0013;0.9284;-0.5165;0.5575;21.923364
545;1742;-0.0013;0.9282;-0.5157;0.5549;21.923368
545;1743;-0.0013;0.9279;-0.5148;0.5536;21.923372
545;1744;-0.0013;0.9279;-0.5141;0.5536;21.923376
545;1745;-0.0013;0.9279;-0.5133;0.5549;21.923380
545;1746;-0.0013;0.9279;-0.5126;0.5562;21.923384
545;1747;-0.0013;0.9279;-0.5118;0.5649;21.923388
545;1748;-0.0013;0.9282;-0.5112;0.5688;21.923392
545;1749;-0.0013;0.9284;-0.5106;0.5701;21.923396
545;1750;-0.0013;0.9286;-0.5099;0.5649;21.923400
545;1751;-0.0013;0.9285;-0.5092;0.5584;21.923404
545;1752;-0.0013;0.9286;-0.5085;0.5571;21.923408
545;1753;-0.0013;0.9285;-0.5077;0.5571;21.923412
545;1754;-0.0013;0.9288;-0.5071;0.5558;21.923416
545;1755;-0.0013;0.9287;-0.5063;0.5545;21.923420
545;1756;-0.0013;0.9287;-0.5056;0.5518;21.923424
545;1757;-0.0013;0.9287;-0.5049;0.5466;21.923428
545;1758;-0.0013;0.9287;-0.5041;0.5453;21.923432
545;1759;-0.0013;0.9286;-0.5033;0.5440;21.923436
545;1760;-0.0013;0.9287;-0.5027;0.5453;21.923440
545;1761;-0.0013;0.9289;-0.5020;0.5453;21.923444
545;1762;-0.0013;0.9289;-0.5012;0.5440;21.923448
545;1763;-0.0013;0.9289;-0.5006;0.5440;21.923452
545;1764;-0.0013;0.9289;-0.4998;0.5466;21.923456
545;1765;-0.0013;0.9289;-0.4991;0.5505;21.923460
545;1766;-0.0013;0.9289;-0.4983;0.5466;21.923464
545;1767;-0.0013;0.9289;-0.4976;0.5427;21.923468
545;1768;-0.0013;0.9292;-0.4970;0.5414;21.923472
545;1769;-0.0013;0.9295;-0.4964;0.5427;21.923476
545;1770;-0.0013;0.9296;-0.4958;0.5414;21.923480
545;1771;-0.0013;0.9292;-0.4948;0.5414;21.923484
545;1772;-0.0013;0.9288;-0.4939;0.5427;21.923488
545;1773;-0.0012;0.9290;-0.4932;0.5427;21.923492
545;1774;-0.0012;0.9293;-0.4927;0.5427;21.923496
545;1775;-0.0012;0.9294;-0.4920;0.5440;21.923500
545;1776;-0.0012;0.9294;-0.4913;0.5466;21.923504
545;1777;-0.0012;0.9291;-0.4904;0.5453;21.923508
545;1778;-0.0012;0.9291;-0.4896;0.5427;21.923512
545;1779;-0.0012;0.9293;-0.4890;0.5414;21.923516
545;1780;-0.0012;0.9294;-0.4884;0.5468;21.923520
545;1781;-0.0012;0.9293;-0.4876;0.5494;21.923524
545;1782;-0.0012;0.9292;-0.4868;0.5494;21.923528
545;1783;-0.0012;0.9292;-0.4861;0.5494;21.923532
545;1784;-0.0012;0.9292;-0.4853;0.5494;21.923536
545;1785;-0.0012;0.9290;-0.4845;0.5481;21.923540
545;1786;-0.0012;0.9291;-0.4839;0.5455;21.923544
545;1787;-0.0012;0.9294;-0.4833;0.5442;21.923548
545;1788;-0.0012;0.9296;-0.4827;0.5455;21.923552
545;1789;-0.0012;0.9299;-0.4821;0.5481;21.923556
545;1790;-0.0012;0.9300;-0.4814;0.5508;21.923560
545;1791;-0.0012;0.9300;-0.4807;0.5508;21.923564
545;1792;-0.0012;0.9300;-0.4799;0.5455;21.923568
545;1793;-0.0012;0.9300;-0.4792;0.5428;21.923572
545;1794;-0.0012;0.9299;-0.4785;0.5455;21.923576
545;1795;-0.0012;0.9299;-0.4778;0.5508;21.923580
545;1796;-0.0012;0.9299;-0.4770;0.5521;21.923584
545;1797;-0.0012;0.9295;-0.4761;0.5534;21.923588
545;1798;-0.0012;0.9297;-0.4755;0.5547;21.923592
545;1799;-0.0012;0.9300;-0.4750;0.5547;21.923596
545;1800;-0.0012;0.9298;-0.4741;0.5574;21.923600
545;1801;-0.0012;0.9296;-0.4733;0.5613;21.923604
545;1802;-0.0012;0.9296;-0.4726;0.5640;21.923608
545;1803;-0.0012;0.9299;-0.4720;0.5640;21.923612
545;1804;-0.0012;0.9302;-0.4714;0.5640;21.923616
545;1805;-0.0012;0.9304;-0.4708;0.5640;21.923620
545;1806;-0.0012;0.9305;-0.4701;0.5640;21.923624
545;1807;-0.0012;0.9304;-0.4694;0.5653;21.923628
545;1808;-0.0012;0.9302;-0.4686;0.5679;21.923632
545;1809;-0.0012;0.9303;-0.4679;0.5719;21.923636
545;1810;-0.0012;0.9304;-0.4672;0.5745;21.923640
545;1811;-0.0012;0.9303;-0.4665;0.5759;21.923644
545;1812;-0.0012;0.9303;-0.4658;0.5732;21.923648
545;1813;-0.0012;0.9304;-0.4651;0.5640;21.923652
545;1814;-0.0012;0.9305;-0.4645;0.5603;21.923656
545;1815;-0.0012;0.9310;-0.4640;0.5508;21.923660
545;1816;-0.0012;0.9311;-0.4633;0.5550;21.923664
545;1817;-0.0012;0.9308;-0.4624;0.5563;21.923668
545;1818;-0.0012;0.9308;-0.4617;0.5616;21.923672
545;1819;-0.0012;0.9310;-0.4612;0.5683;21.923676
545;1820;-0.0012;0.9311;-0.4605;0.5736;21.923680
545;1821;-0.0012;0.9312;-0.4598;0.5763;21.923684
545;1822;-0.0012;0.9311;-0.4591;0.5776;21.923688
545;1823;-0.0012;0.9306;-0.4581;0.5790;21.923692
545;1824;-0.0012;0.9306;-0.4574;0.5790;21.923696
545;1825;-0.0012;0.9309;-0.4568;0.5776;21.923700
545;1826;-0.0012;0.9308;-0.4561;0.5750;21.923704
545;1827;-0.0012;0.9308;-0.4553;0.5696;21.923708
545;1828;-0.0012;0.9305;-0.4545;0.5630;21.923712
545;1829;-0.0012;0.9307;-0.4539;0.5590;21.923716
545;1830;-0.0012;0.9306;-0.4531;0.5590;21.923720
545;1831;-0.0012;0.9305;-0.4524;0.5576;21.923724
545;1832;-0.0012;0.9306;-0.4517;0.5550;21.923728
545;1833;-0.0012;0.9308;-0.4511;0.5483;21.923732
545;1834;-0.0012;0.9308;-0.4505;0.5456;21.923736
545;1835;-0.0012;0.9308;-0.4497;0.5510;21.923740
545;1836;-0.0012;0.9310;-0.4491;0.5563;21.923744
545;1837;-0.0012;0.9313;-0.4486;0.5603;21.923748
545;1838;-0.0012;0.9316;-0.4480;0.5603;21.923752
545;1839;-0.0012;0.9319;-0.4474;0.5550;21.923756
545;1840;-0.0012;0.9319;-0.4467;0.5536;21.923760
545;1841;-0.0012;0.9316;-0.4458;0.5576;21.923764
545;1842;-0.0012;0.9314;-0.4451;0.5696;21.923768
545;1843;-0.0012;0.9313;-0.4443;0.5817;21.923772
545;1844;-0.0012;0.9313;-0.4436;0.5870;21.923776
545;1845;-0.0012;0.9311;-0.4429;0.5843;21.923780
545;1846;-0.0012;0.9312;-0.4422;0.5830;21.923784
545;1847;-0.0012;0.9315;-0.4416;0.5790;21.923788
545;1848;-0.0012;0.9318;-0.4411;0.5710;21.923792
545;1849;-0.0012;0.9317;-0.4403;0.5656;21.923796
545;1850;-0.0012;0.9319;-0.4397;0.5616;21.923800
545;1851;-0.0012;0.9321;-0.4391;0.5603;21.923804
545;1852;-0.0012;0.9320;-0.4384;0.5659;21.923808
545;1853;-0.0012;0.9319;-0.4376;0.5673;21.923812
545;1854;-0.0012;0.9317;-0.4368;0.5686;21.923816
545;1855;-0.0012;0.9316;-0.4361;0.5713;21.923820
545;1856;-0.0012;0.9317;-0.4354;0.5727;21.923824
545;1857;-0.0012;0.9317;-0.4348;0.5740;21.923828
545;1858;-0.0012;0.9319;-0.4342;0.5754;21.923832
545;1859;-0.0012;0.9317;-0.4333;0.5808;21.923836
545;1860;-0.0012;0.9316;-0.4326;0.5875;21.923840
545;1861;-0.0011;0.9319;-0.4320;0.5929;21.923844
545;1862;-0.0012;0.9322;-0.4315;0.5929;21.923848
545;1863;-0.0011;0.9323;-0.4308;0.5902;21.923852
545;1864;-0.0011;0.9323;-0.4302;0.5862;21.923856
545;1865;-0.0011;0.9328;-0.4297;0.5835;21.923860
545;1866;-0.0011;0.9326;-0.4289;0.5767;21.923864
545;1867;-0.0011;0.9318;-0.4278;0.5700;21.923868
545;1868;-0.0011;0.9315;-0.4270;0.5659;21.923872
545;1869;-0.0011;0.9319;-0.4265;0.5659;21.923876
545;1870;-0.0011;0.9322;-0.4260;0.5659;21.923880
545;1871;-0.0011;0.9323;-0.4253;0.5659;21.923884
545;1872;-0.0011;0.9325;-0.4247;0.5619;21.923888
545;1873;-0.0011;0.9325;-0.4240;0.5565;21.923892
545;1874;-0.0011;0.9324;-0.4233;0.5525;21.923896
545;1875;-0.0011;0.9324;-0.4226;0.5457;21.923900
545;1876;-0.0011;0.9323;-0.4218;0.5376;21.923904
545;1877;-0.0011;0.9324;-0.4212;0.5349;21.923908
545;1878;-0.0011;0.9325;-0.4206;0.5390;21.923912
545;1879;-0.0011;0.9326;-0.4199;0.5457;21.923916
545;1880;-0.0011;0.9329;-0.4194;0.5565;21.923920
545;1881;-0.0011;0.9331;-0.4188;0.5619;21.923924
545;1882;-0.0011;0.9332;-0.4181;0.5632;21.923928
545;1883;-0.0011;0.9335;-0.4176;0.5632;21.923932
545;1884;-0.0011;0.9333;-0.4168;0.5592;21.923936
545;1885;-0.0011;0.9331;-0.4160;0.5525;21.923940
545;1886;-0.0011;0.9331;-0.4153;0.5498;21.923944
545;1887;-0.0011;0.9330;-0.4146;0.5498;21.923948
545;1888;-0.0011;0.9328;-0.4138;0.5552;21.923952
545;1889;-0.0011;0.9331;-0.4133;0.5592;21.923956
545;1890;-0.0011;0.9333;-0.4127;0.5606;21.923960
545;1891;-0.0011;0.9334;-0.4120;0.5606;21.923964
545;1892;-0.0011;0.9334;-0.4114;0.5681;21.923968
545;1893;-0.0011;0.9333;-0.4106;0.5667;21.923972
545;1894;-0.0011;0.9335;-0.4100;0.5613;21.923976
545;1895;-0.0011;0.9335;-0.4093;0.5572;21.923980
545;1896;-0.0011;0.9331;-0.4085;0.5544;21.923984
545;1897;-0.0011;0.9328;-0.4077;0.5490;21.923988
545;1898;-0.0011;0.9334;-0.4073;0.5449;21.923992
545;1899;-0.0011;0.9333;-0.4065;0.5476;21.923996
545;1900;-0.0011;0.9329;-0.4057;0.5504;21.924000
545;1901;-0.0011;0.9331;-0.4051;0.5476;21.924004
545;1902;-0.0011;0.9333;-0.4045;0.5408;21.924008
545;1903;-0.0011;0.9332;-0.4038;0.5381;21.924012
545;1904;-0.0011;0.9332;-0.4031;0.5408;21.924016
545;1905;-0.0011;0.9334;-0.4025;0.5544;21.924020
545;1906;-0.0011;0.9335;-0.4019;0.5667;21.924024
545;1907;-0.0011;0.9333;-0.4011;0.5735;21.924028
545;1908;-0.0011;0.9335;-0.4005;0.5735;21.924032
545;1909;-0.0011;0.9334;-0.3998;0.5694;21.924036
545;1910;-0.0011;0.9334;-0.3991;0.5640;21.924040
545;1911;-0.0011;0.9332;-0.3984;0.5585;21.924044
545;1912;-0.0011;0.9332;-0.3977;0.5585;21.924048
545;1913;-0.0011;0.9335;-0.3971;0.5572;21.924052
545;1914;-0.0011;0.9340;-0.3966;0.5544;21.924056
545;1915;-0.0011;0.9337;-0.3959;0.5517;21.924060
545;1916;-0.0011;0.9333;-0.3950;0.5531;21.924064
545;1917;-0.0011;0.9334;-0.3944;0.5572;21.924068
545;1918;-0.0011;0.9340;-0.3940;0.5640;21.924072
545;1919;-0.0011;0.9342;-0.3934;0.5667;21.924076
545;1920;-0.0011;0.9345;-0.3928;0.5667;21.924080
545;1921;-0.0011;0.9342;-0.3920;0.5667;21.924084
545;1922;-0.0011;0.9341;-0.3913;0.5667;21.924088
545;1923;-0.0011;0.9338;-0.3905;0.5667;21.924092
545;1924;-0.0011;0.9340;-0.3899;0.5653;21.924096
545;1925;-0.0011;0.9340;-0.3893;0.5626;21.924100
545;1926;-0.0011;0.9343;-0.3887;0.5572;21.924104
545;1927;-0.0011;0.9341;-0.3880;0.5504;21.924108
545;1928;-0.0011;0.9341;-0.3873;0.5463;21.924112
545;1929;-0.0011;0.9343;-0.3867;0.5517;21.924116
545;1930;-0.0011;0.9346;-0.3861;0.5599;21.924120
545;1931;-0.0011;0.9344;-0.3853;0.5640;21.924124
545;1932;-0.0011;0.9340;-0.3846;0.5667;21.924128
545;1933;-0.0011;0.9336;-0.3837;0.5765;21.924132
545;1934;-0.0011;0.9338;-0.3831;0.5807;21.924136
545;1935;-0.0011;0.9340;-0.3825;0.5834;21.924140
545;1936;-0.0011;0.9342;-0.3820;0.5834;21.924144
545;1937;-0.0011;0.9346;-0.3814;0.5793;21.924148
545;1938;-0.0011;0.9354;-0.3811;0.5655;21.924152
545;1939;-0.0011;0.9362;-0.3808;0.5299;21.924156
545;1940;-0.0011;0.9378;-0.3807;0.4850;21.924160
545;1941;-0.0011;0.9393;-0.3807;0.4400;21.924164
545;1942;-0.0011;0.9410;-0.3807;0.4087;21.924168
545;1943;-0.0011;0.9426;-0.3807;0.3896;21.924172
545;1944;-0.0011;0.9445;-0.3808;0.3814;21.924176
545;1945;-0.0011;0.9464;-0.3809;0.3759;21.924180
545;1946;-0.0011;0.9484;-0.3810;0.3746;21.924184
545;1947;-0.0011;0.9504;-0.3811;0.3706;21.924188
545;1948;-0.0011;0.9523;-0.3812;0.3584;21.924192
545;1949;-0.0011;0.9541;-0.3812;0.3288;21.924196
545;1950;-0.0011;0.9552;-0.3810;0.2708;21.924200
545;1951;-0.0011;0.9546;-0.3801;0.1954;21.924204
545;1952;-0.0020;1.6223;-0.6448;0.0701;21.924208
545;1953;-0.0029;2.2896;-0.9084;0.0491;21.924212
545;1954;-0.0029;2.2883;-0.9063;0.0494;21.924216
545;1955;-0.0038;2.9597;-1.1700;0.0565;21.924220
545;1956;-0.0038;2.9613;-1.1685;0.0859;21.924224
545;1957;-0.0038;2.9621;-1.1668;0.1267;21.924228
545;1958;-0.0038;2.9625;-1.1648;0.1730;21.924232
545;1959;-0.0038;2.9624;-1.1627;0.2126;21.924236
545;1960;-0.0038;2.9620;-1.1604;0.2394;21.924240
545;1961;-0.0038;2.9617;-1.1581;0.2516;21.924244
545;1962;-0.0038;2.9614;-1.1561;0.2440;21.924248
545;1963;-0.0038;2.9615;-1.1540;0.1989;21.924252
545;1964;-0.0038;2.9607;-1.1515;0.1293;21.924256
545;1965;-0.0038;2.9580;-1.1484;0.0708;21.924260
545;1966;-0.0037;2.9486;-1.1427;0.0294;21.924264
545;1967;-0.0036;2.8393;-1.0983;0.0049;21.924268
545;1968;-0.0034;2.6664;-1.0296;0.0148;21.924272
545;1969;-0.0033;2.6539;-1.0229;0.0217;21.924276
545;1970;-0.0033;2.6482;-1.0188;0.0227;21.924280
545;1971;-0.0033;2.6442;-1.0153;0.0211;21.924284
545;1972;-0.0033;2.6430;-1.0131;0.0202;21.924288
545;1973;-0.0033;2.6404;-1.0102;0.0205;21.924292
545;1974;-0.0033;2.6379;-1.0074;0.0207;21.924296
545;1975;-0.0033;2.6348;-1.0044;0.0192;21.924300
545;1976;-0.0033;2.6328;-1.0018;0.0184;21.924304
545;1977;-0.0033;2.6337;-1.0003;0.0196;21.924308
545;1978;-0.0033;2.6343;-0.9987;0.0208;21.924312
545;1979;-0.0033;2.6350;-0.9970;0.0224;21.924316
545;1980;-0.0033;2.6349;-0.9952;0.0248;21.924320
545;1981;-0.0033;2.6342;-0.9930;0.0281;21.924324
545;1982;-0.0033;2.6330;-0.9908;0.0321;21.924328
545;1983;-0.0033;2.6328;-0.9888;0.0343;21.924332
545;1984;-0.0033;2.6346;-0.9876;0.0346;21.924336
545;1985;-0.0033;2.6353;-0.9861;0.0324;21.924340
545;1986;-0.0033;2.6329;-0.9834;0.0284;21.924344
545;1987;-0.0033;2.6309;-0.9808;0.0269;21.924348
545;1988;-0.0033;2.6313;-0.9791;0.0267;21.924352
545;1989;-0.0033;2.6312;-0.9772;0.0250;21.924356
545;1990;-0.0033;2.6312;-0.9754;0.0240;21.924360
545;1991;-0.0033;2.6322;-0.9739;0.0256;21.924364
545;1992;-0.0032;2.6318;-0.9719;0.0319;21.924368
545;1993;-0.0032;2.6304;-0.9696;0.0442;21.924372
545;1994;-0.0032;2.6301;-0.9676;0.0517;21.924376
545;1995;-0.0032;2.6302;-0.9658;0.0435;21.924380
545;1996;-0.0032;2.6299;-0.9639;0.0336;21.924384
545;1997;-0.0032;2.6302;-0.9622;0.0333;21.924388
545;1998;-0.0032;2.6308;-0.9605;0.0365;21.924392
545;1999;-0.0032;2.6295;-0.9582;0.0357;21.924396
545;2000;-0.0032;2.6270;-0.9555;0.0314;21.924400
545;2001;-0.0032;2.6280;-0.9541;0.0273;21.924404
545;2002;-0.0032;2.6321;-0.9537;0.0256;21.924408
545;2003;-0.0032;2.6352;-0.9530;0.0263;21.924412
545;2004;-0.0032;2.6340;-0.9507;0.0276;21.924416
545;2005;-0.0032;2.6321;-0.9483;0.0287;21.924420
545;2006;-0.0032;2.6312;-0.9461;0.0304;21.924424
545;2007;-0.0032;2.6308;-0.9441;0.0314;21.924428
545;2008;-0.0032;2.6308;-0.9423;0.0297;21.924432
545;2009;-0.0032;2.6301;-0.9403;0.0283;21.924436
545;2010;-0.0032;2.6295;-0.9382;0.0284;21.924440
545;2011;-0.0032;2.6303;-0.9367;0.0292;21.924444
545;2012;-0.0032;2.6290;-0.9344;0.0316;21.924448
545;2013;-0.0032;2.6269;-0.9319;0.0363;21.924452
545;2014;-0.0032;2.6259;-0.9297;0.0402;21.924456
545;2015;-0.0032;2.6259;-0.9278;0.0392;21.924460
545;2016;-0.0032;2.6265;-0.9262;0.0362;21.924464
545;2017;-0.0032;2.6263;-0.9243;0.0340;21.924468
545;2018;-0.0032;2.6258;-0.9224;0.0300;21.924472
545;2019;-0.0032;2.6252;-0.9204;0.0258;21.924476
545;2020;-0.0032;2.6238;-0.9181;0.0253;21.924480
545;2021;-0.0032;2.6227;-0.9158;0.0290;21.924484
545;2022;-0.0032;2.6235;-0.9143;0.0353;21.924488
545;2023;-0.0032;2.6236;-0.9126;0.0386;21.924492
545;2024;-0.0031;2.6217;-0.9101;0.0387;21.924496
545;2025;-0.0031;2.6214;-0.9082;0.0401;21.924500
545;2026;-0.0031;2.6218;-0.9066;0.0425;21.924504
545;2027;-0.0031;2.6205;-0.9043;0.0466;21.924508
545;2028;-0.0031;2.6206;-0.9025;0.0526;21.924512
545;2029;-0.0031;2.6221;-0.9013;0.0541;21.924516
545;2030;-0.0031;2.6231;-0.8997;0.0485;21.924520
545;2031;-0.0031;2.6224;-0.8978;0.0436;21.924524
545;2032;-0.0031;2.6215;-0.8956;0.0433;21.924528
545;2033;-0.0031;2.6210;-0.8937;0.0454;21.924532
545;2034;-0.0031;2.6216;-0.8921;0.0467;21.924536
545;2035;-0.0031;2.6225;-0.8906;0.0495;21.924540
545;2036;-0.0031;2.6233;-0.8891;0.0549;21.924544
545;2037;-0.0031;2.6232;-0.8873;0.0582;21.924548
545;2038;-0.0031;2.6220;-0.8851;0.0594;21.924552
545;2039;-0.0031;2.6214;-0.8831;0.0618;21.924556
545;2040;-0.0031;2.6218;-0.8814;0.0664;21.924560
545;2041;-0.0031;2.6219;-0.8797;0.0653;21.924564
545;2042;-0.0031;2.6216;-0.8777;0.0570;21.924568
545;2043;-0.0031;2.6223;-0.8761;0.0487;21.924572
545;2044;-0.0031;2.6223;-0.8744;0.0435;21.924576
545;2045;-0.0031;2.6214;-0.8723;0.0423;21.924580
545;2046;-0.0031;2.6206;-0.8703;0.0435;21.924584
545;2047;-0.0031;2.6206;-0.8685;0.0457;21.924588
545;2048;-0.0031;2.6203;-0.8666;0.0482;21.924592
545;2049;-0.0031;2.6206;-0.8650;0.0495;21.924596
545;2050;-0.0031;2.6216;-0.8635;0.0496;21.924600
545;2051;-0.0031;2.6217;-0.8617;0.0480;21.924604
545;2052;-0.0031;2.6198;-0.8593;0.0444;21.924608
545;2053;-0.0031;2.6176;-0.8568;0.0382;21.924612
545;2054;-0.0031;2.6160;-0.8545;0.0257;21.924616
545;2055;-0.0030;2.5735;-0.8389;0.0030;21.924620
545;2056;-0.0035;2.9693;-0.9659;0.0316;21.924624
545;2057;-0.0035;2.9661;-0.9629;0.0830;21.924628
545;2058;-0.0035;2.9652;-0.9606;0.1556;21.924632
545;2059;-0.0035;2.9649;-0.9584;0.2393;21.924636
545;2060;-0.0035;2.9653;-0.9566;0.3180;21.924640
545;2061;-0.0035;2.9656;-0.9546;0.3888;21.924644
545;2062;-0.0035;2.9657;-0.9527;0.4509;21.924648
545;2063;-0.0035;2.9660;-0.9508;0.4995;21.924652
545;2064;-0.0035;2.9660;-0.9488;0.5426;21.924656
545;2065;-0.0035;2.9660;-0.9467;0.5733;21.924660
545;2066;-0.0035;2.9659;-0.9447;0.5826;21.924664
545;2067;-0.0035;2.9662;-0.9428;0.5770;21.924668
545;2068;-0.0035;2.9662;-0.9407;0.5727;21.924672
545;2069;-0.0035;2.9663;-0.9388;0.5807;21.924676
545;2070;-0.0035;2.9662;-0.9368;0.5967;21.924680
545;2071;-0.0035;2.9665;-0.9349;0.6078;21.924684
545;2072;-0.0034;2.9666;-0.9330;0.6037;21.924688
545;2073;-0.0034;2.9669;-0.9310;0.6000;21.924692
545;2074;-0.0034;2.9669;-0.9290;0.6068;21.924696
545;2075;-0.0034;2.9665;-0.9269;0.6136;21.924700
545;2076;-0.0034;2.9661;-0.9247;0.6136;21.924704
545;2077;-0.0034;2.9660;-0.9228;0.6056;21.924708
545;2078;-0.0034;2.9661;-0.9207;0.5988;21.924712
545;2079;-0.0034;2.9662;-0.9189;0.5963;21.924716
545;2080;-0.0034;2.9665;-0.9169;0.5939;21.924720
545;2081;-0.0034;2.9666;-0.9149;0.5902;21.924724
545;2082;-0.0034;2.9666;-0.9129;0.5920;21.924728
545;2083;-0.0034;2.9669;-0.9111;0.6099;21.924732
545;2084;-0.0034;2.9668;-0.9090;0.6376;21.924736
545;2085;-0.0034;2.9667;-0.9071;0.6333;21.924740
545;2086;-0.0034;2.9668;-0.9051;0.6167;21.924744
545;2087;-0.0034;2.9667;-0.9031;0.6160;21.924748
545;2088;-0.0034;2.9664;-0.9010;0.6277;21.924752
545;2089;-0.0034;2.9663;-0.8989;0.6330;21.924756
545;2090;-0.0034;2.9665;-0.8970;0.6182;21.924760
545;2091;-0.0034;2.9666;-0.8950;0.6034;21.924764
545;2092;-0.0034;2.9666;-0.8931;0.6016;21.924768
545;2093;-0.0034;2.9664;-0.8911;0.6133;21.924772
545;2094;-0.0034;2.9665;-0.8891;0.6244;21.924776
545;2095;-0.0034;2.9664;-0.8871;0.6213;21.924780
545;2096;-0.0034;2.9665;-0.8851;0.6195;21.924784
545;2097;-0.0034;2.9663;-0.8831;0.6263;21.924788
545;2098;-0.0034;2.9663;-0.8811;0.6312;21.924792
545;2099;-0.0034;2.9664;-0.8791;0.6306;21.924796
545;2100;-0.0034;2.9666;-0.8773;0.6281;21.924800
545;2101;-0.0034;2.9668;-0.8753;0.6269;21.924804
545;2102;-0.0034;2.9668;-0.8733;0.6263;21.924808
545;2103;-0.0034;2.9670;-0.8714;0.6404;21.924812
545;2104;-0.0034;2.9672;-0.8694;0.6590;21.924816
545;2105;-0.0034;2.9669;-0.8674;0.6466;21.924820
545;2106;-0.0034;2.9666;-0.8653;0.6300;21.924824
545;2107;-0.0033;2.9664;-0.8633;0.6352;21.924828
545;2108;-0.0033;2.9666;-0.8615;0.6383;21.924832
545;2109;-0.0033;2.9668;-0.8595;0.6327;21.924836
545;2110;-0.0033;2.9668;-0.8576;0.6259;21.924840
545;2111;-0.0033;2.9670;-0.8556;0.6309;21.924844
545;2112;-0.0033;2.9672;-0.8537;0.6426;21.924848
545;2113;-0.0033;2.9672;-0.8517;0.6507;21.924852
545;2114;-0.0033;2.9672;-0.8497;0.6488;21.924856
545;2115;-0.0033;2.9671;-0.8478;0.6395;21.924860
545;2116;-0.0033;2.9669;-0.8458;0.6500;21.924864
545;2117;-0.0033;2.9666;-0.8437;0.6649;21.924868
545;2118;-0.0033;2.9664;-0.8417;0.6643;21.924872
545;2119;-0.0033;2.9660;-0.8396;0.6550;21.924876
545;2120;-0.0033;2.9653;-0.8374;0.6463;21.924880
545;2121;-0.0033;2.9633;-0.8349;0.6195;21.924884
545;2122;-0.0033;2.9549;-0.8305;0.5362;21.924888
545;2123;-0.0033;2.9305;-0.8218;0.4105;21.924892
545;2124;-0.0032;2.8971;-0.8105;0.3645;21.924896
545;2125;-0.0032;2.8822;-0.8043;0.4291;21.924900
545;2126;-0.0032;2.8799;-0.8019;0.5041;21.924904
545;2127;-0.0032;2.8800;-0.7999;0.5160;21.924908
545;2128;-0.0032;2.8801;-0.7981;0.5079;21.924912
545;2129;-0.0032;2.8806;-0.7963;0.5255;21.924916
545;2130;-0.0032;2.8810;-0.7946;0.5720;21.924920
545;2131;-0.0032;2.8821;-0.7930;0.5896;21.924924
545;2132;-0.0032;2.8860;-0.7921;0.5282;21.924928
545;2133;-0.0032;2.9041;-0.7951;0.4432;21.924932
545;2134;-0.0032;2.9386;-0.8027;0.4751;21.924936
545;2135;-0.0033;2.9581;-0.8060;0.5888;21.924940
545;2136;-0.0033;2.9635;-0.8056;0.6536;21.924944
545;2137;-0.0033;2.9653;-0.8041;0.6647;21.924948
545;2138;-0.0033;2.9658;-0.8023;0.6443;21.924952
545;2139;-0.0033;2.9657;-0.8003;0.5632;21.924956
545;2140;-0.0033;2.9633;-0.7978;0.3812;21.924960
545;2141;-0.0032;2.9412;-0.7898;0.2556;21.924964
545;2142;-0.0032;2.9165;-0.7813;0.4757;21.924968
545;2143;-0.0032;2.9138;-0.7786;0.8551;21.924972
545;2144;-0.0032;2.9138;-0.7768;0.7564;21.924976
545;2145;-0.0032;2.9193;-0.7763;0.3794;21.924980
545;2146;-0.0032;2.9461;-0.7815;0.2929;21.924984
545;2147;-0.0032;2.9620;-0.7837;0.4767;21.924988
545;2148;-0.0032;2.9658;-0.7828;0.6236;21.924992
545;2149;-0.0032;2.9670;-0.7812;0.6564;21.924996
545;2150;-0.0032;2.9675;-0.7793;0.6521;21.925000
545;2151;-0.0032;2.9674;-0.7774;0.6496;21.925004
545;2152;-0.0032;2.9675;-0.7754;0.6471;21.925008
545;2153;-0.0032;2.9675;-0.7735;0.6384;21.925012
545;2154;-0.0032;2.9679;-0.7718;0.6316;21.925016
545;2155;-0.0032;2.9682;-0.7698;0.6322;21.925020
545;2156;-0.0032;2.9682;-0.7678;0.6267;21.925024
545;2157;-0.0032;2.9678;-0.7658;0.6192;21.925028
545;2158;-0.0032;2.9676;-0.7638;0.6211;21.925032
545;2159;-0.0032;2.9676;-0.7619;0.6217;21.925036
545;2160;-0.0032;2.9676;-0.7599;0.6112;21.925040
545;2161;-0.0032;2.9677;-0.7581;0.5963;21.925044
545;2162;-0.0032;2.9677;-0.7561;0.5864;21.925048
545;2163;-0.0032;2.9675;-0.7541;0.5727;21.925052
545;2164;-0.0032;2.9676;-0.7522;0.5572;21.925056
545;2165;-0.0032;2.9675;-0.7502;0.5523;21.925060
545;2166;-0.0032;2.9677;-0.7483;0.5492;21.925064
545;2167;-0.0032;2.9681;-0.7466;0.5374;21.925068
545;2168;-0.0032;2.9695;-0.7449;0.5076;21.925072
545;2169;-0.0032;2.9738;-0.7441;0.4512;21.925076
545;2170;-0.0024;2.2854;-0.5703;0.4299;21.925080
545;2171;-0.0024;2.3092;-0.5748;0.3199;21.925084
545;2172;-0.0017;1.6402;-0.4072;0.2682;21.925088
545;2173;-0.0009;0.9596;-0.2376;0.4674;21.925092
545;2174;-0.0009;0.9666;-0.2387;0.4572;21.925096
545;2175;-0.0009;0.9681;-0.2385;0.4558;21.925100
545;2176;-0.0009;0.9686;-0.2379;0.4531;21.925104
545;2177;-0.0009;0.9688;-0.2374;0.4517;21.925108
545;2178;-0.0009;0.9696;-0.2369;0.4531;21.925112
545;2179;-0.0009;0.9702;-0.2364;0.4517;21.925116
545;2180;-0.0009;0.9701;-0.2358;0.4461;21.925120
545;2181;-0.0009;0.9700;-0.2351;0.4419;21.925124
545;2182;-0.0009;0.9702;-0.2346;0.4378;21.925128
545;2183;-0.0009;0.9708;-0.2341;0.4350;21.925132
545;2184;-0.0009;0.9705;-0.2334;0.4350;21.925136
545;2185;-0.0009;0.9704;-0.2327;0.4392;21.925140
545;2186;-0.0009;0.9703;-0.2320;0.4433;21.925144
545;2187;-0.0009;0.9707;-0.2315;0.4419;21.925148
545;2188;-0.0009;0.9708;-0.2309;0.4364;21.925152
545;2189;-0.0009;0.9706;-0.2302;0.4350;21.925156
545;2190;-0.0009;0.9700;-0.2295;0.4392;21.925160
545;2191;-0.0009;0.9701;-0.2289;0.4461;21.925164
545;2192;-0.0009;0.9703;-0.2283;0.4503;21.925168
545;2193;-0.0009;0.9701;-0.2276;0.4503;21.925172
545;2194;-0.0009;0.9708;-0.2271;0.4517;21.925176
545;2195;-0.0009;0.9713;-0.2266;0.4503;21.925180
545;2196;-0.0009;0.9711;-0.2259;0.4489;21.925184
545;2197;-0.0009;0.9709;-0.2253;0.4489;21.925188
545;2198;-0.0009;0.9710;-0.2247;0.4433;21.925192
545;2199;-0.0009;0.9713;-0.2241;0.4392;21.925196
545;2200;-0.0009;0.9716;-0.2236;0.4406;21.925200
545;2201;-0.0009;0.9715;-0.2229;0.4419;21.925204
545;2202;-0.0009;0.9716;-0.2223;0.4461;21.925208
545;2203;-0.0009;0.9711;-0.2216;0.4461;21.925212
545;2204;-0.0009;0.9708;-0.2209;0.4447;21.925216
545;2205;-0.0009;0.9704;-0.2202;0.4461;21.925220
545;2206;-0.0009;0.9706;-0.2196;0.4461;21.925224
545;2207;-0.0009;0.9709;-0.2190;0.4503;21.925228
545;2208;-0.0009;0.9715;-0.2185;0.4545;21.925232
545;2209;-0.0009;0.9717;-0.2179;0.4586;21.925236
545;2210;-0.0009;0.9713;-0.2172;0.4572;21.925240
545;2211;-0.0009;0.9710;-0.2165;0.4531;21.925244
545;2212;-0.0009;0.9714;-0.2160;0.4503;21.925248
545;2213;-0.0009;0.9713;-0.2154;0.4517;21.925252
545;2214;-0.0009;0.9709;-0.2147;0.4558;21.925256
545;2215;-0.0009;0.9706;-0.2139;0.4572;21.925260
545;2216;-0.0009;0.9705;-0.2133;0.4572;21.925264
545;2217;-0.0009;0.9709;-0.2127;0.4558;21.925268
545;2218;-0.0009;0.9711;-0.2122;0.4572;21.925272
545;2219;-0.0009;0.9714;-0.2116;0.4586;21.925276
545;2220;-0.0009;0.9717;-0.2111;0.4586;21.925280
545;2221;-0.0009;0.9717;-0.2104;0.4558;21.925284
545;2222;-0.0009;0.9720;-0.2099;0.4545;21.925288
545;2223;-0.0009;0.9721;-0.2093;0.4517;21.925292
545;2224;-0.0009;0.9719;-0.2086;0.4489;21.925296
545;2225;-0.0009;0.9719;-0.2080;0.4475;21.925300
545;2226;-0.0009;0.9716;-0.2073;0.4475;21.925304
545;2227;-0.0009;0.9713;-0.2066;0.4475;21.925308
545;2228;-0.0008;0.9712;-0.2060;0.4503;21.925312
545;2229;-0.0008;0.9713;-0.2054;0.4489;21.925316
545;2230;-0.0008;0.9716;-0.2048;0.4447;21.925320
545;2231;-0.0008;0.9719;-0.2042;0.4433;21.925324
545;2232;-0.0008;0.9720;-0.2036;0.4433;21.925328
545;2233;-0.0008;0.9720;-0.2030;0.4433;21.925332
545;2234;-0.0008;0.9722;-0.2024;0.4433;21.925336
545;2235;-0.0008;0.9726;-0.2019;0.4447;21.925340
545;2236;-0.0008;0.9729;-0.2014;0.4489;21.925344
545;2237;-0.0008;0.9728;-0.2007;0.4489;21.925348
545;2238;-0.0008;0.9726;-0.2000;0.4433;21.925352
545;2239;-0.0008;0.9721;-0.1993;0.4350;21.925356
545;2240;-0.0008;0.9718;-0.1986;0.4267;21.925360
545;2241;-0.0008;0.9714;-0.1979;0.4239;21.925364
545;2242;-0.0008;0.9712;-0.1973;0.4294;21.925368
545;2243;-0.0008;0.9713;-0.1966;0.4281;21.925372
545;2244;-0.0008;0.9718;-0.1961;0.4183;21.925376
545;2245;-0.0008;0.9721;-0.1956;0.4016;21.925380
545;2246;-0.0008;0.9720;-0.1950;0.3891;21.925384
545;2247;-0.0008;0.9724;-0.1944;0.3850;21.925388
545;2248;-0.0008;0.9725;-0.1938;0.3905;21.925392
545;2249;-0.0008;0.9724;-0.1932;0.4030;21.925396
545;2250;-0.0008;0.9721;-0.1925;0.4197;21.925400
545;2251;-0.0008;0.9716;-0.1917;0.4378;21.925404
545;2252;-0.0008;0.9719;-0.1912;0.4517;21.925408
545;2253;-0.0008;0.9720;-0.1906;0.4586;21.925412
545;2254;-0.0008;0.9719;-0.1900;0.4586;21.925416
545;2255;-0.0008;0.9720;-0.1894;0.4531;21.925420
545;2256;-0.0008;0.9721;-0.1888;0.4461;21.925424
545;2257;-0.0008;0.9723;-0.1882;0.4433;21.925428
545;2258;-0.0008;0.9728;-0.1876;0.4475;21.925432
545;2259;-0.0008;0.9734;-0.1872;0.4545;21.925436
545;2260;-0.0008;0.9735;-0.1866;0.4628;21.925440
545;2261;-0.0008;0.9733;-0.1859;0.4670;21.925444
545;2262;-0.0008;0.9728;-0.1852;0.4684;21.925448
545;2263;-0.0008;0.9726;-0.1845;0.4716;21.925452
545;2264;-0.0008;0.9726;-0.1839;0.4660;21.925456
545;2265;-0.0008;0.9725;-0.1833;0.4604;21.925460
545;2266;-0.0008;0.9725;-0.1826;0.4562;21.925464
545;2267;-0.0008;0.9722;-0.1820;0.4548;21.925468
545;2268;-0.0008;0.9721;-0.1813;0.4562;21.925472
545;2269;-0.0008;0.9722;-0.1808;0.4576;21.925476
545;2270;-0.0008;0.9725;-0.1802;0.4576;21.925480
545;2271;-0.0008;0.9726;-0.1796;0.4576;21.925484
545;2272;-0.0008;0.9724;-0.1789;0.4604;21.925488
545;2273;-0.0008;0.9724;-0.1783;0.4632;21.925492
545;2274;-0.0008;0.9730;-0.1778;0.4660;21.925496
545;2275;-0.0008;0.9731;-0.1772;0.4674;21.925500
545;2276;-0.0008;0.9728;-0.1765;0.4674;21.925504
545;2277;-0.0008;0.9724;-0.1759;0.4660;21.925508
545;2278;-0.0008;0.9725;-0.1753;0.4660;21.925512
545;2279;-0.0008;0.9726;-0.1747;0.4660;21.925516
545;2280;-0.0008;0.9727;-0.1741;0.4646;21.925520
545;2281;-0.0008;0.9730;-0.1735;0.4618;21.925524
545;2282;-0.0008;0.9732;-0.1729;0.4618;21.925528
545;2283;-0.0008;0.9733;-0.1723;0.4604;21.925532
545;2284;-0.0008;0.9736;-0.1718;0.4590;21.925536
545;2285;-0.0008;0.9740;-0.1712;0.4576;21.925540
545;2286;-0.0008;0.9741;-0.1706;0.4576;21.925544
545;2287;-0.0008;0.9742;-0.1700;0.4590;21.925548
545;2288;-0.0008;0.9741;-0.1694;0.4618;21.925552
545;2289;-0.0008;0.9737;-0.1687;0.4674;21.925556
545;2290;-0.0008;0.9736;-0.1681;0.4702;21.925560
545;2291;-0.0008;0.9736;-0.1674;0.4716;21.925564
545;2292;-0.0008;0.9738;-0.1669;0.4702;21.925568
545;2293;-0.0008;0.9738;-0.1663;0.4660;21.925572
545;2294;-0.0008;0.9733;-0.1656;0.4618;21.925576
545;2295;-0.0008;0.9729;-0.1649;0.4604;21.925580
545;2296;-0.0008;0.9730;-0.1643;0.4604;21.925584
545;2297;-0.0008;0.9738;-0.1638;0.4618;21.925588
545;2298;-0.0008;0.9743;-0.1633;0.4632;21.925592
545;2299;-0.0008;0.9742;-0.1626;0.4674;21.925596
545;2300;-0.0008;0.9738;-0.1620;0.4688;21.925600
545;2301;-0.0008;0.9740;-0.1614;0.4674;21.925604
545;2302;-0.0008;0.9741;-0.1608;0.4674;21.925608
545;2303;-0.0008;0.9741;-0.1602;0.4688;21.925612
545;2304;-0.0008;0.9740;-0.1595;0.4716;21.925616
545;2305;-0.0008;0.9743;-0.1590;0.4731;21.925620
545;2306;-0.0008;0.9742;-0.1584;0.4745;21.925624
545;2307;-0.0008;0.9739;-0.1577;0.4759;21.925628
545;2308;-0.0008;0.9740;-0.1571;0.4745;21.925632
545;2309;-0.0008;0.9738;-0.1564;0.4688;21.925636
545;2310;-0.0008;0.9741;-0.1559;0.4660;21.925640
545;2311;-0.0008;0.9743;-0.1553;0.4632;21.925644
545;2312;-0.0008;0.9739;-0.1546;0.4618;21.925648
545;2313;-0.0008;0.9737;-0.1540;0.4618;21.925652
545;2314;-0.0008;0.9738;-0.1534;0.4618;21.925656
545;2315;-0.0008;0.9740;-0.1528;0.4604;21.925660
545;2316;-0.0008;0.9741;-0.1522;0.4590;21.925664
545;2317;-0.0008;0.9741;-0.1516;0.4590;21.925668
545;2318;-0.0008;0.9738;-0.1509;0.4576;21.925672
545;2319;-0.0008;0.9737;-0.1503;0.4548;21.925676
545;2320;-0.0008;0.9740;-0.1497;0.4506;21.925680
545;2321;-0.0008;0.9740;-0.1491;0.4492;21.925684
545;2322;-0.0008;0.9743;-0.1486;0.4492;21.925688
545;2323;-0.0008;0.9747;-0.1480;0.4492;21.925692
545;2324;-0.0008;0.9748;-0.1474;0.4506;21.925696
545;2325;-0.0008;0.9744;-0.1467;0.4534;21.925700
545;2326;-0.0008;0.9745;-0.1461;0.4562;21.925704
545;2327;-0.0008;0.9744;-0.1455;0.4604;21.925708
545;2328;-0.0008;0.9744;-0.1449;0.4660;21.925712
545;2329;-0.0008;0.9743;-0.1443;0.4716;21.925716
545;2330;-0.0008;0.9744;-0.1437;0.4745;21.925720
545;2331;-0.0008;0.9742;-0.1431;0.4787;21.925724
545;2332;-0.0008;0.9741;-0.1424;0.4843;21.925728
545;2333;-0.0008;0.9748;-0.1419;0.4815;21.925732
545;2334;-0.0008;0.9756;-0.1414;0.4716;21.925736
545;2335;-0.0008;0.9753;-0.1408;0.4674;21.925740
545;2336;-0.0008;0.9749;-0.1401;0.4716;21.925744
545;2337;-0.0008;0.9748;-0.1395;0.4759;21.925748
545;2338;-0.0008;0.9747;-0.1388;0.4759;21.925752
545;2339;-0.0008;0.9749;-0.1383;0.4731;21.925756
545;2340;-0.0008;0.9750;-0.1377;0.4731;21.925760
545;2341;-0.0008;0.9751;-0.1371;0.4731;21.925764
545;2342;-0.0008;0.9749;-0.1364;0.4731;21.925768
545;2343;-0.0008;0.9750;-0.1358;0.4731;21.925772
545;2344;-0.0008;0.9754;-0.1353;0.4660;21.925776
545;2345;-0.0008;0.9754;-0.1347;0.4590;21.925780
545;2346;-0.0008;0.9753;-0.1341;0.4534;21.925784
545;2347;-0.0008;0.9751;-0.1334;0.4478;21.925788
545;2348;-0.0008;0.9752;-0.1328;0.4450;21.925792
545;2349;-0.0008;0.9751;-0.1322;0.4422;21.925796
545;2350;-0.0008;0.9748;-0.1315;0.4436;21.925800
545;2351;-0.0008;0.9745;-0.1309;0.4506;21.925804
545;2352;-0.0008;0.9746;-0.1303;0.4604;21.925808
545;2353;-0.0008;0.9750;-0.1297;0.4688;21.925812
545;2354;-0.0008;0.9753;-0.1292;0.4731;21.925816
545;2355;-0.0008;0.9752;-0.1285;0.4731;21.925820
545;2356;-0.0008;0.9752;-0.1279;0.4688;21.925824
545;2357;-0.0008;0.9753;-0.1273;0.4674;21.925828
545;2358;-0.0008;0.9754;-0.1267;0.4688;21.925832
545;2359;-0.0008;0.9752;-0.1261;0.4702;21.925836
545;2360;-0.0008;0.9752;-0.1255;0.4731;21.925840
545;2361;-0.0008;0.9753;-0.1249;0.4759;21.925844
545;2362;-0.0008;0.9752;-0.1243;0.4759;21.925848
545;2363;-0.0008;0.9757;-0.1237;0.4759;21.925852
545;2364;-0.0008;0.9762;-0.1232;0.4745;21.925856
545;2365;-0.0008;0.9761;-0.1226;0.4716;21.925860
545;2366;-0.0007;0.9757;-0.1219;0.4688;21.925864
545;2367;-0.0007;0.9756;-0.1213;0.4674;21.925868
545;2368;-0.0007;0.9757;-0.1207;0.4660;21.925872
545;2369;-0.0007;0.9754;-0.1201;0.4646;21.925876
545;2370;-0.0007;0.9753;-0.1195;0.4604;21.925880
545;2371;-0.0007;0.9757;-0.1189;0.4548;21.925884
545;2372;-0.0007;0.9757;-0.1183;0.4492;21.925888
545;2373;-0.0007;0.9758;-0.1177;0.4534;21.925892
545;2374;-0.0007;0.9759;-0.1171;0.4590;21.925896
545;2375;-0.0007;0.9760;-0.1165;0.4604;21.925900
545;2376;-0.0007;0.9759;-0.1159;0.4604;21.925904
545;2377;-0.0007;0.9760;-0.1153;0.4604;21.925908
545;2378;-0.0007;0.9759;-0.1146;0.4632;21.925912
545;2379;-0.0007;0.9760;-0.1141;0.4604;21.925916
545;2380;-0.0007;0.9756;-0.1134;0.4506;21.925920
545;2381;-0.0007;0.9757;-0.1128;0.4450;21.925924
545;2382;-0.0007;0.9760;-0.1123;0.4464;21.925928
545;2383;-0.0007;0.9762;-0.1117;0.4492;21.925932
545;2384;-0.0007;0.9768;-0.1111;0.4478;21.925936
545;2385;-0.0007;0.9769;-0.1105;0.4464;21.925940
545;2386;-0.0007;0.9767;-0.1099;0.4436;21.925944
545;2387;-0.0007;0.9761;-0.1092;0.4408;21.925948
545;2388;-0.0007;0.9759;-0.1086;0.4422;21.925952
545;2389;-0.0007;0.9762;-0.1080;0.4478;21.925956
545;2390;-0.0007;0.9765;-0.1075;0.4534;21.925960
545;2391;-0.0007;0.9766;-0.1069;0.4534;21.925964
545;2392;-0.0007;0.9766;-0.1063;0.4506;21.925968
545;2393;-0.0007;0.9765;-0.1056;0.4492;21.925972
545;2394;-0.0007;0.9765;-0.1050;0.4492;21.925976
545;2395;-0.0007;0.9766;-0.1044;0.4450;21.925980
545;2396;-0.0007;0.9771;-0.1039;0.4351;21.925984
545;2397;-0.0007;0.9771;-0.1033;0.4267;21.925988
545;2398;-0.0007;0.9772;-0.1027;0.4239;21.925992
545;2399;-0.0007;0.9766;-0.1020;0.4267;21.925996
545;2400;-0.0007;0.9766;-0.1014;0.4295;21.926000
545;2401;-0.0007;0.9774;-0.1009;0.4309;21.926004
545;2402;-0.0007;0.9777;-0.1003;0.4295;21.926008
545;2403;-0.0007;0.9773;-0.0996;0.4295;21.926012
545;2404;-0.0007;0.9771;-0.0990;0.4323;21.926016
545;2405;-0.0007;0.9771;-0.0984;0.4380;21.926020
545;2406;-0.0007;0.9770;-0.0978;0.4408;21.926024
545;2407;-0.0007;0.9769;-0.0972;0.4450;21.926028
545;2408;-0.0007;0.9767;-0.0966;0.4464;21.926032
545;2409;-0.0007;0.9768;-0.0960;0.4478;21.926036
545;2410;-0.0007;0.9770;-0.0954;0.4492;21.926040
545;2411;-0.0007;0.9771;-0.0948;0.4478;21.926044
545;2412;-0.0007;0.9772;-0.0942;0.4450;21.926048
545;2413;-0.0007;0.9774;-0.0936;0.4380;21.926052
545;2414;-0.0007;0.9775;-0.0930;0.4267;21.926056
545;2415;-0.0007;0.9773;-0.0924;0.4127;21.926060
545;2416;-0.0007;0.9771;-0.0917;0.4099;21.926064
545;2417;-0.0007;0.9770;-0.0911;0.4211;21.926068
545;2418;-0.0007;0.9766;-0.0905;0.4351;21.926072
545;2419;-0.0007;0.9766;-0.0899;0.4422;21.926076
545;2420;-0.0007;0.9766;-0.0893;0.4464;21.926080
545;2421;-0.0007;0.9767;-0.0887;0.4492;21.926084
545;2422;-0.0007;0.9765;-0.0881;0.4492;21.926088
545;2423;-0.0007;0.9768;-0.0875;0.4464;21.926092
545;2424;-0.0007;0.9773;-0.0869;0.4422;21.926096
545;2425;-0.0007;0.9774;-0.0864;0.4380;21.926100
545;2426;-0.0007;0.9776;-0.0858;0.4366;21.926104
545;2427;-0.0007;0.9775;-0.0852;0.4380;21.926108
545;2428;-0.0007;0.9771;-0.0845;0.4408;21.926112
545;2429;-0.0007;0.9771;-0.0839;0.4450;21.926116
545;2430;-0.0007;0.9774;-0.0833;0.4520;21.926120
545;2431;-0.0007;0.9775;-0.0827;0.4632;21.926124
545;2432;-0.0007;0.9777;-0.0821;0.4759;21.926128
545;2433;-0.0007;0.9781;-0.0816;0.4871;21.926132
545;2434;-0.0007;0.9781;-0.0810;0.4955;21.926136
545;2435;-0.0007;0.9777;-0.0803;0.5039;21.926140
545;2436;-0.0007;0.9775;-0.0797;0.5166;21.926144
545;2437;-0.0007;0.9780;-0.0791;0.5278;21.926148
545;2438;-0.0007;0.9780;-0.0786;0.5376;21.926152
545;2439;-0.0007;0.9781;-0.0780;0.5362;21.926156
545;2440;-0.0007;0.9776;-0.0773;0.5250;21.926160
545;2441;-0.0007;0.9775;-0.0767;0.5095;21.926164
545;2442;-0.0007;0.9773;-0.0761;0.4955;21.926168
545;2443;-0.0007;0.9776;-0.0755;0.4829;21.926172
545;2444;-0.0007;0.9778;-0.0749;0.4745;21.926176
545;2445;-0.0007;0.9780;-0.0743;0.4702;21.926180
545;2446;-0.0007;0.9780;-0.0737;0.4674;21.926184
545;2447;-0.0007;0.9781;-0.0731;0.4646;21.926188
545;2448;-0.0007;0.9787;-0.0726;0.4576;21.926192
545;2449;-0.0007;0.9786;-0.0719;0.4492;21.926196
545;2450;-0.0007;0.9782;-0.0713;0.4450;21.926200
545;2451;-0.0007;0.9781;-0.0707;0.4450;21.926204
545;2452;-0.0007;0.9782;-0.0701;0.4464;21.926208
545;2453;-0.0007;0.9787;-0.0695;0.4492;21.926212
545;2454;-0.0007;0.9790;-0.0690;0.4492;21.926216
545;2455;-0.0007;0.9786;-0.0683;0.4450;21.926220
545;2456;-0.0007;0.9784;-0.0677;0.4408;21.926224
545;2457;-0.0007;0.9782;-0.0671;0.4408;21.926228
545;2458;-0.0007;0.9782;-0.0665;0.4436;21.926232
545;2459;-0.0007;0.9783;-0.0659;0.4464;21.926236
545;2460;-0.0007;0.9781;-0.0653;0.4478;21.926240
545;2461;-0.0007;0.9782;-0.0647;0.4520;21.926244
545;2462;-0.0007;0.9782;-0.0641;0.4548;21.926248
545;2463;-0.0007;0.9784;-0.0635;0.4576;21.926252
545;2464;-0.0007;0.9788;-0.0629;0.4562;21.926256
545;2465;-0.0007;0.9788;-0.0623;0.4548;21.926260
545;2466;-0.0007;0.9788;-0.0617;0.4576;21.926264
545;2467;-0.0007;0.9789;-0.0611;0.4604;21.926268
545;2468;-0.0007;0.9788;-0.0605;0.4604;21.926272
545;2469;-0.0007;0.9783;-0.0599;0.4576;21.926276
545;2470;-0.0007;0.9783;-0.0593;0.4562;21.926280
545;2471;-0.0007;0.9783;-0.0587;0.4548;21.926284
545;2472;-0.0007;0.9784;-0.0581;0.4548;21.926288
545;2473;-0.0007;0.9786;-0.0575;0.4576;21.926292
545;2474;-0.0007;0.9786;-0.0569;0.4604;21.926296
545;2475;-0.0007;0.9787;-0.0563;0.4632;21.926300
545;2476;-0.0007;0.9789;-0.0557;0.4632;21.926304
545;2477;-0.0007;0.9791;-0.0551;0.4646;21.926308
545;2478;-0.0007;0.9793;-0.0545;0.4660;21.926312
545;2479;-0.0007;0.9792;-0.0539;0.4660;21.926316
545;2480;-0.0007;0.9790;-0.0533;0.4632;21.926320
545;2481;-0.0007;0.9793;-0.0527;0.4632;21.926324
545;2482;-0.0007;0.9789;-0.0521;0.4646;21.926328
545;2483;-0.0007;0.9787;-0.0515;0.4646;21.926332
545;2484;-0.0007;0.9790;-0.0509;0.4632;21.926336
545;2485;-0.0007;0.9790;-0.0503;0.4660;21.926340
545;2486;-0.0007;0.9785;-0.0497;0.4735;21.926344
545;2487;-0.0007;0.9788;-0.0491;0.4764;21.926348
545;2488;-0.0007;0.9791;-0.0485;0.4759;21.926352
545;2489;-0.0007;0.9788;-0.0479;0.4806;21.926356
545;2490;-0.0007;0.9787;-0.0473;0.4764;21.926360
545;2491;-0.0007;0.9789;-0.0467;0.4749;21.926364
545;2492;-0.0007;0.9792;-0.0461;0.4716;21.926368
545;2493;-0.0007;0.9794;-0.0455;0.4731;21.926372
545;2494;-0.0007;0.9795;-0.0449;0.4731;21.926376
545;2495;-0.0007;0.9795;-0.0443;0.4745;21.926380
545;2496;-0.0007;0.9793;-0.0437;0.4745;21.926384
545;2497;-0.0007;0.9791;-0.0431;0.4731;21.926388
545;2498;-0.0007;0.9792;-0.0425;0.4759;21.926392
545;2499;-0.0007;0.9791;-0.0419;0.4835;21.926396
545;2500;-0.0007;0.9794;-0.0413;0.4773;21.926400
545;2501;-0.0007;0.9798;-0.0407;0.4716;21.926404
545;2502;-0.0007;0.9800;-0.0401;0.4632;21.926408
545;2503;-0.0007;0.9800;-0.0395;0.4576;21.926412
545;2504;-0.0007;0.9795;-0.0388;0.4590;21.926416
545;2505;-0.0007;0.9793;-0.0383;0.4618;21.926420
545;2506;-0.0007;0.9796;-0.0376;0.4632;21.926424
545;2507;-0.0007;0.9798;-0.0371;0.4646;21.926428
545;2508;-0.0007;0.9798;-0.0365;0.4674;21.926432
545;2509;-0.0007;0.9796;-0.0359;0.4688;21.926436
545;2510;-0.0007;0.9797;-0.0352;0.4702;21.926440
545;2511;-0.0007;0.9797;-0.0347;0.4674;21.926444
545;2512;-0.0007;0.9801;-0.0341;0.4618;21.926448
545;2513;-0.0007;0.9802;-0.0335;0.4562;21.926452
545;2514;-0.0007;0.9801;-0.0329;0.4520;21.926456
545;2515;-0.0007;0.9798;-0.0323;0.4520;21.926460
545;2516;-0.0006;0.9796;-0.0316;0.4534;21.926464
545;2517;-0.0006;0.9796;-0.0311;0.4534;21.926468
545;2518;-0.0006;0.9796;-0.0304;0.4548;21.926472
545;2519;-0.0006;0.9796;-0.0298;0.4534;21.926476
545;2520;-0.0006;0.9801;-0.0293;0.4520;21.926480
545;2521;-0.0006;0.9801;-0.0286;0.4506;21.926484
545;2522;-0.0006;0.9799;-0.0280;0.4506;21.926488
545;2523;-0.0006;0.9797;-0.0274;0.4506;21.926492
545;2524;-0.0006;0.9799;-0.0268;0.4520;21.926496
545;2525;-0.0006;0.9804;-0.0263;0.4548;21.926500
545;2526;-0.0006;0.9811;-0.0257;0.4604;21.926504
545;2527;-0.0006;0.9812;-0.0251;0.4674;21.926508
545;2528;-0.0006;0.9807;-0.0245;0.4716;21.926512
545;2529;-0.0006;0.9802;-0.0238;0.4731;21.926516
545;2530;-0.0006;0.9802;-0.0232;0.4716;21.926520
545;2531;-0.0006;0.9804;-0.0226;0.4716;21.926524
545;2532;-0.0006;0.9804;-0.0220;0.4731;21.926528
545;2533;-0.0006;0.9806;-0.0214;0.4731;21.926532
545;2534;-0.0006;0.9806;-0.0208;0.4745;21.926536
545;2535;-0.0006;0.9806;-0.0202;0.4801;21.926540
545;2536;-0.0006;0.9803;-0.0196;0.4829;21.926544
545;2537;-0.0006;0.9803;-0.0190;0.4829;21.926548
545;2538;-0.0006;0.9808;-0.0184;0.4773;21.926552
545;2539;-0.0006;0.9812;-0.0178;0.4702;21.926556
545;2540;-0.0006;0.9810;-0.0173;0.4632;21.926560
545;2541;-0.0006;0.9811;-0.0166;0.4618;21.926564
545;2542;-0.0006;0.9811;-0.0160;0.4660;21.926568
545;2543;-0.0006;0.9809;-0.0154;0.4745;21.926572
545;2544;-0.0006;0.9811;-0.0148;0.4787;21.926576
545;2545;-0.0006;0.9813;-0.0142;0.4787;21.926580
545;2546;-0.0006;0.9813;-0.0136;0.4787;21.926584
545;2547;-0.0006;0.9814;-0.0130;0.4759;21.926588
545;2548;-0.0006;0.9816;-0.0124;0.4702;21.926592
545;2549;-0.0006;0.9816;-0.0118;0.4660;21.926596
545;2550;-0.0006;0.9814;-0.0112;0.4646;21.926600
545;2551;-0.0006;0.9814;-0.0106;0.4688;21.926604
545;2552;-0.0006;0.9816;-0.0100;0.4731;21.926608
545;2553;-0.0006;0.9820;-0.0094;0.4745;21.926612
545;2554;-0.0006;0.9822;-0.0088;0.4745;21.926616
545;2555;-0.0006;0.9819;-0.0082;0.4745;21.926620
545;2556;-0.0006;0.9815;-0.0076;0.4731;21.926624
545;2557;-0.0006;0.9817;-0.0070;0.4702;21.926628
545;2558;-0.0006;0.9819;-0.0064;0.4646;21.926632
545;2559;-0.0006;0.9817;-0.0058;0.4604;21.926636
545;2560;-0.0006;0.9819;-0.0052;0.4590;21.926640
545;2561;-0.0006;0.9817;-0.0046;0.4618;21.926644
545;2562;-0.0006;0.9814;-0.0040;0.4618;21.926648
545;2563;-0.0006;0.9814;-0.0034;0.4604;21.926652
545;2564;-0.0006;0.9814;-0.0028;0.4618;21.926656
545;2565;-0.0006;0.9812;-0.0022;0.4646;21.926660
545;2566;-0.0006;0.9814;-0.0016;0.4660;21.926664
545;2567;-0.0006;0.9815;-0.0010;0.4674;21.926668
545;2568;-0.0006;0.9817;-0.0004;0.4688;21.926672
545;2569;-0.0006;0.9817;0.0002;0.4716;21.926676
545;2570;-0.0006;0.9819;0.0008;0.4773;21.926680
545;2571;-0.0006;0.9819;0.0014;0.4829;21.926684
545;2572;-0.0006;0.9817;0.0020;0.4829;21.926688
545;2573;-0.0006;0.9817;0.0026;0.4815;21.926692
545;2574;-0.0006;0.9819;0.0032;0.4801;21.926696
545;2575;-0.0006;0.9819;0.0038;0.4773;21.926700
545;2576;-0.0006;0.9822;0.0044;0.4731;21.926704
545;2577;-0.0006;0.9826;0.0050;0.4716;21.926708
545;2578;-0.0006;0.9828;0.0057;0.4731;21.926712
545;2579;-0.0006;0.9824;0.0062;0.4773;21.926716
545;2580;-0.0006;0.9821;0.0069;0.4787;21.926720
545;2581;-0.0006;0.9821;0.0075;0.4759;21.926724
545;2582;-0.0006;0.9822;0.0081;0.4674;21.926728
545;2583;-0.0006;0.9822;0.0087;0.4590;21.926732
545;2584;-0.0006;0.9825;0.0093;0.4548;21.926736
545;2585;-0.0006;0.9823;0.0099;0.4548;21.926740
545;2586;-0.0006;0.9821;0.0105;0.4590;21.926744
545;2587;-0.0006;0.9820;0.0111;0.4604;21.926748
545;2588;-0.0006;0.9818;0.0117;0.4590;21.926752
545;2589;-0.0006;0.9816;0.0123;0.4548;21.926756
545;2590;-0.0006;0.9820;0.0129;0.4492;21.926760
545;2591;-0.0006;0.9825;0.0135;0.4464;21.926764
545;2592;-0.0006;0.9827;0.0141;0.4478;21.926768
545;2593;-0.0006;0.9825;0.0147;0.4492;21.926772
545;2594;-0.0006;0.9827;0.0153;0.4492;21.926776
545;2595;-0.0006;0.9827;0.0159;0.4492;21.926780
545;2596;-0.0006;0.9827;0.0165;0.4478;21.926784
545;2597;-0.0006;0.9826;0.0171;0.4492;21.926788
545;2598;-0.0006;0.9833;0.0177;0.4534;21.926792
545;2599;-0.0006;0.9836;0.0183;0.4590;21.926796
545;2600;-0.0006;0.9834;0.0189;0.4604;21.926800
545;2601;-0.0006;0.9829;0.0195;0.4590;21.926804
545;2602;-0.0006;0.9826;0.0201;0.4562;21.926808
545;2603;-0.0006;0.9826;0.0207;0.4548;21.926812
545;2604;-0.0006;0.9826;0.0213;0.4520;21.926816
545;2605;-0.0006;0.9826;0.0219;0.4506;21.926820
545;2606;-0.0006;0.9828;0.0226;0.4492;21.926824
545;2607;-0.0006;0.9832;0.0232;0.4464;21.926828
545;2608;-0.0006;0.9835;0.0238;0.4450;21.926832
545;2609;-0.0006;0.9835;0.0244;0.4436;21.926836
545;2610;-0.0006;0.9832;0.0250;0.4422;21.926840
545;2611;-0.0006;0.9832;0.0256;0.4408;21.926844
545;2612;-0.0006;0.9829;0.0261;0.4408;21.926848
545;2613;-0.0006;0.9825;0.0268;0.4436;21.926852
545;2614;-0.0006;0.9825;0.0274;0.4478;21.926856
545;2615;-0.0006;0.9825;0.0280;0.4506;21.926860
545;2616;-0.0006;0.9824;0.0286;0.4548;21.926864
545;2617;-0.0006;0.9827;0.0292;0.4604;21.926868
545;2618;-0.0006;0.9831;0.0298;0.4646;21.926872
545;2619;-0.0006;0.9831;0.0304;0.4674;21.926876
545;2620;-0.0006;0.9831;0.0310;0.4674;21.926880
545;2621;-0.0006;0.9833;0.0316;0.4688;21.926884
545;2622;-0.0006;0.9831;0.0322;0.4716;21.926888
545;2623;-0.0006;0.9832;0.0328;0.4716;21.926892
545;2624;-0.0006;0.9838;0.0334;0.4702;21.926896
545;2625;-0.0006;0.9838;0.0340;0.4660;21.926900
545;2626;-0.0006;0.9838;0.0346;0.4618;21.926904
545;2627;-0.0006;0.9838;0.0352;0.4576;21.926908
545;2628;-0.0006;0.9835;0.0358;0.4590;21.926912
545;2629;-0.0006;0.9837;0.0365;0.4632;21.926916
545;2630;-0.0006;0.9840;0.0371;0.4646;21.926920
545;2631;-0.0006;0.9837;0.0377;0.4632;21.926924
545;2632;-0.0006;0.9831;0.0382;0.4604;21.926928
545;2633;-0.0006;0.9832;0.0389;0.4548;21.926932
545;2634;-0.0006;0.9836;0.0395;0.4548;21.926936
545;2635;-0.0006;0.9839;0.0401;0.4562;21.926940
545;2636;-0.0006;0.9841;0.0407;0.4562;21.926944
545;2637;-0.0006;0.9842;0.0413;0.4576;21.926948
545;2638;-0.0006;0.9843;0.0419;0.4604;21.926952
545;2639;-0.0006;0.9845;0.0425;0.4660;21.926956
545;2640;-0.0006;0.9844;0.0431;0.4731;21.926960
545;2641;-0.0006;0.9844;0.0437;0.4745;21.926964
545;2642;-0.0006;0.9848;0.0444;0.4731;21.926968
545;2643;-0.0006;0.9846;0.0449;0.4688;21.926972
545;2644;-0.0006;0.9843;0.0455;0.4646;21.926976
545;2645;-0.0006;0.9843;0.0461;0.4618;21.926980
545;2646;-0.0006;0.9840;0.0467;0.4604;21.926984
545;2647;-0.0006;0.9840;0.0474;0.4632;21.926988
545;2648;-0.0006;0.9844;0.0480;0.4674;21.926992
545;2649;-0.0006;0.9847;0.0486;0.4702;21.926996
545;2650;-0.0006;0.9847;0.0492;0.4731;21.927000
545;2651;-0.0006;0.9843;0.0498;0.4773;21.927004
545;2652;-0.0006;0.9841;0.0504;0.4787;21.927008
545;2653;-0.0006;0.9846;0.0510;0.4773;21.927012
545;2654;-0.0006;0.9849;0.0517;0.4716;21.927016
545;2655;-0.0006;0.9851;0.0523;0.4618;21.927020
545;2656;-0.0006;0.9854;0.0529;0.4506;21.927024
545;2657;-0.0006;0.9850;0.0535;0.4436;21.927028
545;2658;-0.0006;0.9848;0.0540;0.4394;21.927032
545;2659;-0.0006;0.9853;0.0547;0.4366;21.927036
545;2660;-0.0006;0.9857;0.0553;0.4380;21.927040
545;2661;-0.0006;0.9866;0.0560;0.4478;21.927044
545;2662;-0.0006;0.9891;0.0567;0.4531;21.927048
545;2663;-0.0011;1.7140;0.0993;0.2460;21.927052
545;2664;-0.0011;1.7212;0.1008;0.2405;21.927056
545;2665;-0.0017;2.4494;0.1450;0.2272;21.927060
545;2666;-0.0023;3.1748;0.1899;0.1895;21.927064
545;2667;-0.0023;3.1773;0.1920;0.1943;21.927068
545;2668;-0.0023;3.1779;0.1940;0.2096;21.927072
545;2669;-0.0023;3.1780;0.1959;0.2388;21.927076
545;2670;-0.0023;3.1778;0.1979;0.2827;21.927080
545;2671;-0.0023;3.1779;0.1998;0.3338;21.927084
545;2672;-0.0023;3.1778;0.2018;0.3838;21.927088
545;2673;-0.0023;3.1778;0.2037;0.4161;21.927092
545;2674;-0.0023;3.1777;0.2057;0.4307;21.927096
545;2675;-0.0023;3.1776;0.2077;0.4435;21.927100
545;2676;-0.0023;3.1773;0.2096;0.4539;21.927104
545;2677;-0.0023;3.1771;0.2116;0.4685;21.927108
545;2678;-0.0023;3.1769;0.2135;0.4874;21.927112
545;2679;-0.0023;3.1771;0.2154;0.4965;21.927116
545;2680;-0.0023;3.1772;0.2174;0.4947;21.927120
545;2681;-0.0023;3.1773;0.2193;0.4929;21.927124
545;2682;-0.0023;3.1776;0.2214;0.4862;21.927128
545;2683;-0.0023;3.1777;0.2234;0.4831;21.927132
545;2684;-0.0022;3.1776;0.2253;0.4910;21.927136
545;2685;-0.0022;3.1775;0.2273;0.4959;21.927140
545;2686;-0.0022;3.1772;0.2292;0.4996;21.927144
545;2687;-0.0022;3.1772;0.2312;0.5056;21.927148
545;2688;-0.0022;3.1775;0.2331;0.5063;21.927152
545;2689;-0.0022;3.1775;0.2351;0.5014;21.927156
545;2690;-0.0022;3.1775;0.2371;0.4983;21.927160
545;2691;-0.0022;3.1775;0.2390;0.4959;21.927164
545;2692;-0.0022;3.1776;0.2409;0.4941;21.927168
545;2693;-0.0022;3.1776;0.2429;0.5032;21.927172
545;2694;-0.0022;3.1777;0.2449;0.5123;21.927176
545;2695;-0.0022;3.1773;0.2468;0.5069;21.927180
545;2696;-0.0022;3.1772;0.2487;0.4953;21.927184
545;2697;-0.0022;3.1772;0.2507;0.4922;21.927188
545;2698;-0.0022;3.1774;0.2528;0.5002;21.927192
545;2699;-0.0022;3.1774;0.2547;0.5081;21.927196
545;2700;-0.0022;3.1770;0.2567;0.5111;21.927200
545;2701;-0.0022;3.1771;0.2586;0.5111;21.927204
545;2702;-0.0022;3.1772;0.2606;0.5075;21.927208
545;2703;-0.0022;3.1771;0.2625;0.5056;21.927212
545;2704;-0.0022;3.1771;0.2644;0.5081;21.927216
545;2705;-0.0022;3.1769;0.2664;0.5038;21.927220
545;2706;-0.0022;3.1770;0.2684;0.4971;21.927224
545;2707;-0.0022;3.1770;0.2703;0.4977;21.927228
545;2708;-0.0022;3.1769;0.2723;0.4965;21.927232
545;2709;-0.0022;3.1772;0.2743;0.4904;21.927236
545;2710;-0.0022;3.1772;0.2763;0.4825;21.927240
545;2711;-0.0022;3.1771;0.2783;0.4843;21.927244
545;2712;-0.0022;3.1772;0.2802;0.4898;21.927248
545;2713;-0.0022;3.1775;0.2822;0.4849;21.927252
545;2714;-0.0022;3.1775;0.2842;0.4770;21.927256
545;2715;-0.0022;3.1773;0.2861;0.4703;21.927260
545;2716;-0.0022;3.1774;0.2881;0.4709;21.927264
545;2717;-0.0022;3.1774;0.2901;0.4807;21.927268
545;2718;-0.0022;3.1775;0.2921;0.4813;21.927272
545;2719;-0.0022;3.1773;0.2940;0.4721;21.927276
545;2720;-0.0022;3.1771;0.2959;0.4642;21.927280
545;2721;-0.0022;3.1774;0.2979;0.4569;21.927284
545;2722;-0.0022;3.1775;0.2999;0.4515;21.927288
545;2723;-0.0022;3.1775;0.3019;0.4533;21.927292
545;2724;-0.0022;3.1773;0.3038;0.4612;21.927296
545;2725;-0.0022;3.1773;0.3057;0.4636;21.927300
545;2726;-0.0022;3.1773;0.3077;0.4581;21.927304
545;2727;-0.0022;3.1774;0.3096;0.4588;21.927308
545;2728;-0.0022;3.1774;0.3116;0.4563;21.927312
545;2729;-0.0022;3.1771;0.3136;0.4448;21.927316
545;2730;-0.0022;3.1769;0.3155;0.4314;21.927320
545;2731;-0.0022;3.1771;0.3176;0.4283;21.927324
545;2732;-0.0022;3.1770;0.3195;0.4283;21.927328
545;2733;-0.0022;3.1771;0.3215;0.4216;21.927332
545;2734;-0.0022;3.1766;0.3235;0.4162;21.927336
545;2735;-0.0021;3.1758;0.3253;0.4149;21.927340
545;2736;-0.0021;3.1755;0.3273;0.4168;21.927344
545;2737;-0.0021;3.1756;0.3292;0.4137;21.927348
545;2738;-0.0021;3.1756;0.3312;0.3997;21.927352
545;2739;-0.0021;3.1754;0.3332;0.3851;21.927356
545;2740;-0.0021;3.1752;0.3351;0.3736;21.927360
545;2741;-0.0021;3.1751;0.3371;0.3638;21.927364
545;2742;-0.0021;3.1750;0.3390;0.3590;21.927368
545;2743;-0.0021;3.1745;0.3409;0.3486;21.927372
545;2744;-0.0021;3.1739;0.3428;0.3371;21.927376
545;2745;-0.0021;3.1737;0.3447;0.3292;21.927380
545;2746;-0.0021;3.1732;0.3467;0.3243;21.927384
545;2747;-0.0021;3.1724;0.3485;0.3188;21.927388
545;2748;-0.0021;3.1719;0.3505;0.3054;21.927392
545;2749;-0.0021;3.1712;0.3524;0.2890;21.927396
545;2750;-0.0021;3.1697;0.3542;0.2802;21.927400
545;2751;-0.0016;2.4516;0.2755;0.3241;21.927404
545;2752;-0.0016;2.4499;0.2768;0.3067;21.927408
545;2753;-0.0016;2.4483;0.2782;0.2878;21.927412
545;2754;-0.0016;2.4467;0.2795;0.2703;21.927416
545;2755;-0.0016;2.4446;0.2807;0.2565;21.927420
545;2756;-0.0016;2.4426;0.2820;0.2468;21.927424
545;2757;-0.0016;2.4410;0.2834;0.2388;21.927428
545;2758;-0.0016;2.4387;0.2846;0.2293;21.927432
545;2759;-0.0010;1.7200;0.2018;0.2226;21.927436
545;2760;-0.0010;1.7179;0.2026;0.2137;21.927440
545;2761;-0.0010;1.7159;0.2035;0.2070;21.927444
545;2762;-0.0010;1.7139;0.2043;0.2033;21.927448
545;2763;-0.0010;1.7111;0.2050;0.2003;21.927452
545;2764;-0.0010;1.7085;0.2058;0.1951;21.927456
545;2765;-0.0010;1.7062;0.2066;0.1899;21.927460
545;2766;-0.0010;1.7039;0.2073;0.1847;21.927464
545;2767;-0.0005;0.9857;0.1206;0.3363;21.927468
545;2768;-0.0005;0.9842;0.1210;0.3266;21.927472
545;2769;-0.0005;0.9825;0.1214;0.3186;21.927476
545;2770;-0.0005;0.9814;0.1219;0.3102;21.927480
545;2771;-0.0005;0.9820;0.1226;0.3088;21.927484
545;2772;-0.0010;1.7010;0.2134;0.1690;21.927488
545;2773;-0.0010;1.7070;0.2152;0.1839;21.927492
545;2774;-0.0010;1.7160;0.2174;0.2160;21.927496
545;2775;-0.0015;2.4419;0.3108;0.2543;21.927500
545;2776;-0.0015;2.4507;0.3135;0.2995;21.927504
545;2777;-0.0021;3.1727;0.4079;0.2823;21.927508
545;2778;-0.0021;3.1765;0.4103;0.3008;21.927512
545;2779;-0.0021;3.1774;0.4125;0.3129;21.927516
545;2780;-0.0021;3.1772;0.4144;0.3251;21.927520
545;2781;-0.0021;3.1773;0.4163;0.3458;21.927524
545;2782;-0.0021;3.1776;0.4184;0.3804;21.927528
545;2783;-0.0021;3.1777;0.4203;0.4168;21.927532
545;2784;-0.0021;3.1772;0.4223;0.4412;21.927536
545;2785;-0.0021;3.1767;0.4243;0.4618;21.927540
545;2786;-0.0021;3.1766;0.4262;0.4916;21.927544
545;2787;-0.0021;3.1766;0.4282;0.5141;21.927548
545;2788;-0.0021;3.1764;0.4301;0.5171;21.927552
545;2789;-0.0020;3.1763;0.4320;0.5135;21.927556
545;2790;-0.0020;3.1765;0.4341;0.5147;21.927560
545;2791;-0.0020;3.1762;0.4360;0.5147;21.927564
545;2792;-0.0020;3.1760;0.4380;0.5122;21.927568
545;2793;-0.0020;3.1758;0.4399;0.5135;21.927572
545;2794;-0.0020;3.1759;0.4420;0.5171;21.927576
545;2795;-0.0020;3.1758;0.4440;0.5208;21.927580
545;2796;-0.0020;3.1757;0.4459;0.5256;21.927584
545;2797;-0.0020;3.1760;0.4480;0.5214;21.927588
545;2798;-0.0020;3.1762;0.4499;0.5129;21.927592
545;2799;-0.0020;3.1763;0.4520;0.5171;21.927596
545;2800;-0.0020;3.1763;0.4540;0.5347;21.927600
545;2801;-0.0020;3.1760;0.4559;0.5445;21.927604
545;2802;-0.0020;3.1761;0.4580;0.5378;21.927608
545;2803;-0.0020;3.1762;0.4599;0.5238;21.927612
545;2804;-0.0020;3.1763;0.4619;0.5183;21.927616
545;2805;-0.0020;3.1767;0.4640;0.5207;21.927620
545;2806;-0.0020;3.1769;0.4659;0.5256;21.927624
545;2807;-0.0020;3.1769;0.4680;0.5280;21.927628
545;2808;-0.0020;3.1766;0.4700;0.5322;21.927632
545;2809;-0.0020;3.1763;0.4719;0.5359;21.927636
545;2810;-0.0020;3.1762;0.4739;0.5353;21.927640
545;2811;-0.0020;3.1760;0.4758;0.5274;21.927644
545;2812;-0.0020;3.1757;0.4777;0.5225;21.927648
545;2813;-0.0020;3.1756;0.4797;0.5183;21.927652
545;2814;-0.0020;3.1757;0.4817;0.5237;21.927656
545;2815;-0.0020;3.1757;0.4837;0.5395;21.927660
545;2816;-0.0020;3.1756;0.4857;0.5517;21.927664
545;2817;-0.0020;3.1758;0.4877;0.5480;21.927668
545;2818;-0.0020;3.1761;0.4898;0.5389;21.927672
545;2819;-0.0020;3.1761;0.4917;0.5377;21.927676
545;2820;-0.0020;3.1755;0.4937;0.5407;21.927680
545;2821;-0.0020;3.1756;0.4957;0.5413;21.927684
545;2822;-0.0020;3.1758;0.4977;0.5413;21.927688
545;2823;-0.0020;3.1760;0.4998;0.5389;21.927692
545;2824;-0.0020;3.1761;0.5018;0.5383;21.927696
545;2825;-0.0020;3.1759;0.5038;0.5401;21.927700
545;2826;-0.0020;3.1758;0.5057;0.5407;21.927704
545;2827;-0.0020;3.1757;0.5077;0.5322;21.927708
545;2828;-0.0020;3.1756;0.5097;0.5256;21.927712
545;2829;-0.0020;3.1753;0.5115;0.5268;21.927716
545;2830;-0.0020;3.1754;0.5136;0.5298;21.927720
545;2831;-0.0020;3.1756;0.5157;0.5268;21.927724
545;2832;-0.0020;3.1753;0.5176;0.5237;21.927728
545;2833;-0.0020;3.1754;0.5197;0.5256;21.927732
545;2834;-0.0020;3.1752;0.5216;0.5298;21.927736
545;2835;-0.0020;3.1752;0.5236;0.5328;21.927740
545;2836;-0.0020;3.1753;0.5256;0.5401;21.927744
545;2837;-0.0020;3.1753;0.5276;0.5456;21.927748
545;2838;-0.0020;3.1754;0.5297;0.5425;21.927752
545;2839;-0.0020;3.1757;0.5317;0.5310;21.927756
545;2840;-0.0020;3.1758;0.5338;0.5194;21.927760
545;2841;-0.0019;3.1758;0.5357;0.5212;21.927764
545;2842;-0.0019;3.1759;0.5378;0.5279;21.927768
545;2843;-0.0019;3.1759;0.5397;0.5315;21.927772
545;2844;-0.0019;3.1757;0.5418;0.5297;21.927776
545;2845;-0.0019;3.1756;0.5437;0.5267;21.927780
545;2846;-0.0019;3.1756;0.5458;0.5370;21.927784
545;2847;-0.0019;3.1756;0.5477;0.5442;21.927788
545;2848;-0.0019;3.1757;0.5498;0.5394;21.927792
545;2849;-0.0019;3.1756;0.5517;0.5273;21.927796
545;2850;-0.0019;3.1757;0.5538;0.5182;21.927800
545;2851;-0.0019;3.1754;0.5557;0.5248;21.927804
545;2852;-0.0019;3.1753;0.5577;0.5364;21.927808
545;2853;-0.0019;3.1751;0.5597;0.5400;21.927812
545;2854;-0.0019;3.1751;0.5617;0.5424;21.927816
545;2855;-0.0019;3.1751;0.5637;0.5497;21.927820
545;2856;-0.0019;3.1751;0.5657;0.5515;21.927824
545;2857;-0.0019;3.1751;0.5677;0.5497;21.927828
545;2858;-0.0019;3.1753;0.5698;0.5467;21.927832
545;2859;-0.0019;3.1753;0.5718;0.5418;21.927836
545;2860;-0.0019;3.1753;0.5738;0.5394;21.927840
545;2861;-0.0019;3.1753;0.5758;0.5430;21.927844
545;2862;-0.0019;3.1752;0.5778;0.5436;21.927848
545;2863;-0.0019;3.1753;0.5799;0.5382;21.927852
545;2864;-0.0019;3.1749;0.5818;0.5339;21.927856
545;2865;-0.0019;3.1748;0.5838;0.5321;21.927860
545;2866;-0.0019;3.1745;0.5858;0.5358;21.927864
545;2867;-0.0019;3.1747;0.5878;0.5406;21.927868
545;2868;-0.0019;3.1749;0.5898;0.5461;21.927872
545;2869;-0.0019;3.1748;0.5918;0.5533;21.927876
545;2870;-0.0019;3.1746;0.5938;0.5558;21.927880
545;2871;-0.0019;3.1747;0.5958;0.5581;21.927884
545;2872;-0.0019;3.1748;0.5978;0.5508;21.927888
545;2873;-0.0019;3.1751;0.6000;0.5417;21.927892
545;2874;-0.0019;3.1751;0.6020;0.5411;21.927896
545;2875;-0.0019;3.1751;0.6040;0.5466;21.927900
545;2876;-0.0019;3.1754;0.6060;0.5526;21.927904
545;2877;-0.0019;3.1755;0.6081;0.5563;21.927908
545;2878;-0.0019;3.1753;0.6100;0.5532;21.927912
545;2879;-0.0019;3.1751;0.6121;0.5496;21.927916
545;2880;-0.0019;3.1750;0.6140;0.5484;21.927920
545;2881;-0.0019;3.1749;0.6160;0.5436;21.927924
545;2882;-0.0019;3.1747;0.6181;0.5315;21.927928
545;2883;-0.0019;3.1748;0.6201;0.5254;21.927932
545;2884;-0.0019;3.1748;0.6221;0.5278;21.927936
545;2885;-0.0019;3.1749;0.6241;0.5339;21.927940
545;2886;-0.0019;3.1748;0.6262;0.5381;21.927944
545;2887;-0.0019;3.1748;0.6283;0.5387;21.927948
545;2888;-0.0019;3.1746;0.6302;0.5351;21.927952
545;2889;-0.0019;3.1745;0.6323;0.5351;21.927956
545;2890;-0.0019;3.1746;0.6342;0.5478;21.927960
545;2891;-0.0019;3.1747;0.6362;0.5575;21.927964
545;2892;-0.0019;3.1748;0.6383;0.5496;21.927968
545;2893;-0.0018;3.1748;0.6403;0.5387;21.927972
545;2894;-0.0019;3.1749;0.6424;0.5315;21.927976
545;2895;-0.0018;3.1749;0.6445;0.5296;21.927980
545;2896;-0.0018;3.1748;0.6464;0.5333;21.927984
545;2897;-0.0018;3.1745;0.6484;0.5429;21.927988
545;2898;-0.0018;3.1744;0.6504;0.5538;21.927992
545;2899;-0.0018;3.1740;0.6524;0.5520;21.927996
545;2900;-0.0018;3.1740;0.6544;0.5399;21.928000
545;2901;-0.0018;3.1741;0.6564;0.5296;21.928004
545;2902;-0.0018;3.1741;0.6584;0.5356;21.928008
545;2903;-0.0018;3.1742;0.6605;0.5477;21.928012
545;2904;-0.0018;3.1744;0.6626;0.5483;21.928016
545;2905;-0.0018;3.1747;0.6647;0.5447;21.928020
545;2906;-0.0018;3.1743;0.6666;0.5477;21.928024
545;2907;-0.0018;3.1740;0.6686;0.5514;21.928028
545;2908;-0.0018;3.1741;0.6706;0.5520;21.928032
545;2909;-0.0018;3.1743;0.6727;0.5514;21.928036
545;2910;-0.0018;3.1744;0.6748;0.5568;21.928040
545;2911;-0.0018;3.1742;0.6768;0.5634;21.928044
545;2912;-0.0018;3.1742;0.6789;0.5604;21.928048
545;2913;-0.0018;3.1742;0.6809;0.5550;21.928052
545;2914;-0.0018;3.1743;0.6829;0.5501;21.928056
545;2915;-0.0018;3.1738;0.6849;0.5495;21.928060
545;2916;-0.0018;3.1737;0.6868;0.5550;21.928064
545;2917;-0.0018;3.1740;0.6890;0.5634;21.928068
545;2918;-0.0018;3.1741;0.6911;0.5653;21.928072
545;2919;-0.0018;3.1740;0.6930;0.5610;21.928076
545;2920;-0.0018;3.1743;0.6952;0.5580;21.928080
545;2921;-0.0018;3.1743;0.6972;0.5580;21.928084
545;2922;-0.0018;3.1743;0.6993;0.5543;21.928088
545;2923;-0.0018;3.1744;0.7013;0.5483;21.928092
545;2924;-0.0018;3.1741;0.7033;0.5434;21.928096
545;2925;-0.0018;3.1741;0.7054;0.5404;21.928100
545;2926;-0.0018;3.1739;0.7073;0.5465;21.928104
545;2927;-0.0018;3.1742;0.7095;0.5531;21.928108
545;2928;-0.0018;3.1744;0.7115;0.5477;21.928112
545;2929;-0.0018;3.1742;0.7136;0.5410;21.928116
545;2930;-0.0018;3.1740;0.7155;0.5434;21.928120
545;2931;-0.0018;3.1742;0.7176;0.5525;21.928124
545;2932;-0.0018;3.1742;0.7197;0.5519;21.928128
545;2933;-0.0018;3.1741;0.7217;0.5459;21.928132
545;2934;-0.0018;3.1740;0.7237;0.5465;21.928136
545;2935;-0.0018;3.1736;0.7257;0.5525;21.928140
545;2936;-0.0018;3.1733;0.7277;0.5561;21.928144
545;2937;-0.0018;3.1736;0.7298;0.5537;21.928148
545;2938;-0.0018;3.1738;0.7319;0.5519;21.928152
545;2939;-0.0018;3.1739;0.7339;0.5495;21.928156
545;2940;-0.0018;3.1741;0.7360;0.5489;21.928160
545;2941;-0.0018;3.1741;0.7381;0.5501;21.928164
545;2942;-0.0018;3.1743;0.7402;0.5501;21.928168
545;2943;-0.0018;3.1739;0.7422;0.5471;21.928172
545;2944;-0.0018;3.1734;0.7441;0.5477;21.928176
545;2945;-0.0018;3.1735;0.7462;0.5512;21.928180
545;2946;-0.0018;3.1734;0.7482;0.5585;21.928184
545;2947;-0.0017;3.1734;0.7503;0.5585;21.928188
545;2948;-0.0017;3.1735;0.7524;0.5567;21.928192
545;2949;-0.0017;3.1734;0.7544;0.5567;21.928196
545;2950;-0.0017;3.1731;0.7564;0.5597;21.928200
545;2951;-0.0017;3.1730;0.7584;0.5573;21.928204
545;2952;-0.0017;3.1730;0.7605;0.5494;21.928208
545;2953;-0.0017;3.1730;0.7626;0.5464;21.928212
545;2954;-0.0017;3.1731;0.7645;0.5476;21.928216
545;2955;-0.0017;3.1735;0.7667;0.5494;21.928220
545;2956;-0.0017;3.1735;0.7688;0.5548;21.928224
545;2957;-0.0017;3.1736;0.7709;0.5627;21.928228
545;2958;-0.0017;3.1734;0.7729;0.5693;21.928232
545;2959;-0.0017;3.1733;0.7749;0.5681;21.928236
545;2960;-0.0017;3.1730;0.7770;0.5573;21.928240
545;2961;-0.0017;3.1729;0.7790;0.5488;21.928244
545;2962;-0.0017;3.1731;0.7811;0.5494;21.928248
545;2963;-0.0017;3.1731;0.7832;0.5542;21.928252
545;2964;-0.0017;3.1732;0.7853;0.5560;21.928256
545;2965;-0.0017;3.1730;0.7873;0.5536;21.928260
545;2966;-0.0017;3.1730;0.7893;0.5524;21.928264
545;2967;-0.0017;3.1732;0.7915;0.5583;21.928268
545;2968;-0.0017;3.1733;0.7935;0.5662;21.928272
545;2969;-0.0017;3.1733;0.7956;0.5662;21.928276
545;2970;-0.0017;3.1732;0.7976;0.5589;21.928280
545;2971;-0.0017;3.1732;0.7998;0.5523;21.928284
545;2972;-0.0017;3.1734;0.8018;0.5589;21.928288
545;2973;-0.0017;3.1730;0.8039;0.5668;21.928292
545;2974;-0.0017;3.1729;0.8058;0.5607;21.928296
545;2975;-0.0017;3.1728;0.8080;0.5481;21.928300
545;2976;-0.0017;3.1727;0.8101;0.5451;21.928304
545;2977;-0.0017;3.1727;0.8120;0.5463;21.928308
545;2978;-0.0017;3.1729;0.8141;0.5505;21.928312
545;2979;-0.0017;3.1730;0.8163;0.5656;21.928316
545;2980;-0.0017;3.1730;0.8183;0.5728;21.928320
545;2981;-0.0017;3.1731;0.8205;0.5620;21.928324
545;2982;-0.0017;3.1733;0.8225;0.5583;21.928328
545;2983;-0.0017;3.1733;0.8247;0.5601;21.928332
545;2984;-0.0017;3.1734;0.8268;0.5565;21.928336
545;2985;-0.0017;3.1734;0.8289;0.5535;21.928340
545;2986;-0.0017;3.1731;0.8309;0.5517;21.928344
545;2987;-0.0017;3.1730;0.8329;0.5523;21.928348
545;2988;-0.0017;3.1730;0.8350;0.5553;21.928352
545;2989;-0.0017;3.1729;0.8370;0.5492;21.928356
545;2990;-0.0017;3.1730;0.8392;0.5402;21.928360
545;2991;-0.0017;3.1730;0.8413;0.5384;21.928364
545;2992;-0.0017;3.1734;0.8435;0.5396;21.928368
545;2993;-0.0017;3.1734;0.8456;0.5462;21.928372
545;2994;-0.0017;3.1733;0.8476;0.5553;21.928376
545;2995;-0.0017;3.1730;0.8495;0.5571;21.928380
545;2996;-0.0017;3.1728;0.8516;0.5613;21.928384
545;2997;-0.0017;3.1731;0.8537;0.5655;21.928388
545;2998;-0.0017;3.1732;0.8559;0.5613;21.928392
545;2999;-0.0016;3.1729;0.8580;0.5601;21.928396
545;3000;-0.0016;3.1729;0.8600;0.5607;21.928400
545;3001;-0.0016;3.1730;0.8620;0.5553;21.928404
545;3002;-0.0016;3.1725;0.8641;0.5541;21.928408
545;3003;-0.0016;3.1720;0.8660;0.5601;21.928412
545;3004;-0.0016;3.1721;0.8681;0.5667;21.928416
545;3005;-0.0016;3.1725;0.8703;0.5619;21.928420
545;3006;-0.0016;3.1723;0.8724;0.5552;21.928424
545;3007;-0.0016;3.1723;0.8745;0.5540;21.928428
545;3008;-0.0016;3.1722;0.8765;0.5498;21.928432
545;3009;-0.0016;3.1722;0.8787;0.5378;21.928436
545;3010;-0.0016;3.1724;0.8808;0.5378;21.928440
545;3011;-0.0016;3.1725;0.8829;0.5504;21.928444
545;3012;-0.0016;3.1723;0.8849;0.5534;21.928448
545;3013;-0.0016;3.1722;0.8870;0.5570;21.928452
545;3014;-0.0016;3.1723;0.8892;0.5642;21.928456
545;3015;-0.0016;3.1724;0.8913;0.5708;21.928460
545;3016;-0.0016;3.1725;0.8934;0.5708;21.928464
545;3017;-0.0016;3.1726;0.8956;0.5660;21.928468
545;3018;-0.0016;3.1723;0.8975;0.5612;21.928472
545;3019;-0.0016;3.1722;0.8996;0.5660;21.928476
545;3020;-0.0016;3.1721;0.9017;0.5690;21.928480
545;3021;-0.0016;3.1721;0.9038;0.5594;21.928484
545;3022;-0.0016;3.1721;0.9059;0.5600;21.928488
545;3023;-0.0016;3.1725;0.9081;0.5720;21.928492
545;3024;-0.0016;3.1724;0.9102;0.5834;21.928496
545;3025;-0.0016;3.1720;0.9122;0.5828;21.928500
545;3026;-0.0016;3.1719;0.9142;0.5750;21.928504
545;3027;-0.0016;3.1720;0.9164;0.5642;21.928508
545;3028;-0.0016;3.1721;0.9186;0.5642;21.928512
545;3029;-0.0016;3.1718;0.9206;0.5696;21.928516
545;3030;-0.0016;3.1716;0.9227;0.5654;21.928520
545;3031;-0.0016;3.1719;0.9248;0.5564;21.928524
545;3032;-0.0016;3.1720;0.9270;0.5534;21.928528
545;3033;-0.0016;3.1721;0.9291;0.5564;21.928532
545;3034;-0.0016;3.1722;0.9313;0.5528;21.928536
545;3035;-0.0016;3.1723;0.9335;0.5462;21.928540
545;3036;-0.0016;3.1720;0.9354;0.5510;21.928544
545;3037;-0.0016;3.1720;0.9376;0.5624;21.928548
545;3038;-0.0016;3.1719;0.9396;0.5618;21.928552
545;3039;-0.0016;3.1718;0.9418;0.5558;21.928556
545;3040;-0.0016;3.1717;0.9438;0.5564;21.928560
545;3041;-0.0016;3.1718;0.9459;0.5606;21.928564
545;3042;-0.0016;3.1718;0.9481;0.5617;21.928568
545;3043;-0.0016;3.1717;0.9502;0.5629;21.928572
545;3044;-0.0016;3.1715;0.9522;0.5575;21.928576
545;3045;-0.0016;3.1716;0.9544;0.5551;21.928580
545;3046;-0.0016;3.1715;0.9565;0.5593;21.928584
545;3047;-0.0016;3.1716;0.9586;0.5611;21.928588
545;3048;-0.0016;3.1715;0.9607;0.5623;21.928592
545;3049;-0.0016;3.1714;0.9628;0.5593;21.928596
545;3050;-0.0016;3.1714;0.9650;0.5533;21.928600
545;3051;-0.0015;3.1714;0.9671;0.5521;21.928604
545;3052;-0.0015;3.1713;0.9692;0.5557;21.928608
545;3053;-0.0015;3.1712;0.9713;0.5551;21.928612
545;3054;-0.0015;3.1711;0.9734;0.5521;21.928616
545;3055;-0.0015;3.1713;0.9756;0.5503;21.928620
545;3056;-0.0015;3.1713;0.9777;0.5521;21.928624
545;3057;-0.0015;3.1710;0.9798;0.5533;21.928628
545;3058;-0.0015;3.1709;0.9819;0.5611;21.928632
545;3059;-0.0015;3.1708;0.9839;0.5767;21.928636
545;3060;-0.0015;3.1711;0.9862;0.5802;21.928640
545;3061;-0.0015;3.1712;0.9883;0.5706;21.928644
545;3062;-0.0015;3.1712;0.9905;0.5670;21.928648
545;3063;-0.0015;3.1714;0.9928;0.5694;21.928652
545;3064;-0.0015;3.1713;0.9948;0.5724;21.928656
545;3065;-0.0015;3.1714;0.9970;0.5736;21.928660
545;3066;-0.0015;3.1713;0.9990;0.5706;21.928664
545;3067;-0.0015;3.1712;1.0011;0.5658;21.928668
545;3068;-0.0015;3.1711;1.0033;0.5634;21.928672
545;3069;-0.0015;3.1709;1.0053;0.5592;21.928676
545;3070;-0.0015;3.1710;1.0075;0.5544;21.928680
545;3071;-0.0015;3.1710;1.0097;0.5496;21.928684
545;3072;-0.0015;3.1708;1.0117;0.5448;21.928688
545;3073;-0.0015;3.1706;1.0139;0.5424;21.928692
545;3074;-0.0015;3.1709;1.0160;0.5424;21.928696
545;3075;-0.0015;3.1711;1.0183;0.5448;21.928700
545;3076;-0.0015;3.1708;1.0203;0.5532;21.928704
545;3077;-0.0015;3.1705;1.0224;0.5556;21.928708
545;3078;-0.0015;3.1705;1.0246;0.5490;21.928712
545;3079;-0.0015;3.1704;1.0267;0.5490;21.928716
545;3080;-0.0015;3.1702;1.0288;0.5538;21.928720
545;3081;-0.0015;3.1701;1.0309;0.5538;21.928724
545;3082;-0.0015;3.1701;1.0330;0.5430;21.928728
545;3083;-0.0015;3.1704;1.0352;0.5358;21.928732
545;3084;-0.0015;3.1706;1.0374;0.5442;21.928736
545;3085;-0.0015;3.1706;1.0396;0.5562;21.928740
545;3086;-0.0015;3.1703;1.0417;0.5597;21.928744
545;3087;-0.0015;3.1704;1.0438;0.5532;21.928748
545;3088;-0.0015;3.1704;1.0461;0.5448;21.928752
545;3089;-0.0015;3.1705;1.0482;0.5412;21.928756
545;3090;-0.0015;3.1705;1.0504;0.5442;21.928760
545;3091;-0.0015;3.1706;1.0526;0.5513;21.928764
545;3092;-0.0015;3.1705;1.0547;0.5489;21.928768
545;3093;-0.0015;3.1705;1.0569;0.5483;21.928772
545;3094;-0.0015;3.1703;1.0590;0.5561;21.928776
545;3095;-0.0015;3.1703;1.0612;0.5567;21.928780
545;3096;-0.0015;3.1700;1.0632;0.5525;21.928784
545;3097;-0.0015;3.1697;1.0653;0.5567;21.928788
545;3098;-0.0015;3.1697;1.0675;0.5627;21.928792
545;3099;-0.0015;3.1699;1.0696;0.5639;21.928796
545;3100;-0.0015;3.1703;1.0719;0.5621;21.928800
545;3101;-0.0015;3.1703;1.0742;0.5573;21.928804
545;3102;-0.0015;3.1701;1.0762;0.5525;21.928808
545;3103;-0.0014;3.1701;1.0784;0.5460;21.928812
545;3104;-0.0014;3.1699;1.0805;0.5412;21.928816
545;3105;-0.0014;3.1697;1.0826;0.5424;21.928820
545;3106;-0.0014;3.1698;1.0849;0.5477;21.928824
545;3107;-0.0014;3.1699;1.0870;0.5590;21.928828
545;3108;-0.0014;3.1698;1.0891;0.5674;21.928832
545;3109;-0.0014;3.1694;1.0912;0.5602;21.928836
545;3110;-0.0014;3.1694;1.0933;0.5501;21.928840
545;3111;-0.0014;3.1698;1.0957;0.5507;21.928844
545;3112;-0.0014;3.1698;1.0978;0.5536;21.928848
545;3113;-0.0014;3.1696;1.1000;0.5489;21.928852
545;3114;-0.0014;3.1697;1.1022;0.5417;21.928856
545;3115;-0.0014;3.1695;1.1043;0.5435;21.928860
545;3116;-0.0014;3.1695;1.1065;0.5536;21.928864
545;3117;-0.0014;3.1693;1.1086;0.5584;21.928868
545;3118;-0.0014;3.1693;1.1108;0.5560;21.928872
545;3119;-0.0014;3.1694;1.1130;0.5530;21.928876
545;3120;-0.0014;3.1696;1.1153;0.5524;21.928880
545;3121;-0.0014;3.1697;1.1176;0.5500;21.928884
545;3122;-0.0014;3.1695;1.1196;0.5470;21.928888
545;3123;-0.0014;3.1695;1.1219;0.5518;21.928892
545;3124;-0.0014;3.1695;1.1240;0.5590;21.928896
545;3125;-0.0014;3.1695;1.1261;0.5685;21.928900
545;3126;-0.0014;3.1694;1.1283;0.5691;21.928904
545;3127;-0.0014;3.1694;1.1305;0.5560;21.928908
545;3128;-0.0014;3.1694;1.1327;0.5482;21.928912
545;3129;-0.0014;3.1693;1.1348;0.5536;21.928916
545;3130;-0.0014;3.1692;1.1370;0.5619;21.928920
545;3131;-0.0014;3.1691;1.1392;0.5584;21.928924
545;3132;-0.0014;3.1694;1.1415;0.5566;21.928928
545;3133;-0.0014;3.1695;1.1438;0.5619;21.928932
545;3134;-0.0014;3.1693;1.1458;0.5655;21.928936
545;3135;-0.0014;3.1692;1.1480;0.5601;21.928940
545;3136;-0.0014;3.1691;1.1503;0.5524;21.928944
545;3137;-0.0014;3.1689;1.1523;0.5506;21.928948
545;3138;-0.0014;3.1688;1.1545;0.5488;21.928952
545;3139;-0.0014;3.1686;1.1566;0.5434;21.928956
545;3140;-0.0014;3.1686;1.1588;0.5506;21.928960
545;3141;-0.0014;3.1685;1.1610;0.5619;21.928964
545;3142;-0.0014;3.1685;1.1631;0.5571;21.928968
545;3143;-0.0014;3.1684;1.1654;0.5464;21.928972
545;3144;-0.0014;3.1683;1.1675;0.5476;21.928976
545;3145;-0.0014;3.1683;1.1697;0.5601;21.928980
545;3146;-0.0014;3.1684;1.1720;0.5702;21.928984
545;3147;-0.0014;3.1685;1.1742;0.5631;21.928988
545;3148;-0.0014;3.1685;1.1764;0.5571;21.928992
545;3149;-0.0014;3.1682;1.1785;0.5606;21.928996
545;3150;-0.0014;3.1683;1.1807;0.5570;21.929000
545;3151;-0.0014;3.1686;1.1831;0.5517;21.929004
545;3152;-0.0014;3.1687;1.1853;0.5559;21.929008
545;3153;-0.0014;3.1688;1.1876;0.5600;21.929012
545;3154;-0.0013;3.1686;1.1898;0.5547;21.929016
545;3155;-0.0013;3.1685;1.1919;0.5422;21.929020
545;3156;-0.0013;3.1684;1.1942;0.5392;21.929024
545;3157;-0.0013;3.1682;1.1962;0.5422;21.929028
545;3158;-0.0013;3.1679;1.1984;0.5487;21.929032
545;3159;-0.0013;3.1680;1.2007;0.5594;21.929036
545;3160;-0.0013;3.1681;1.2029;0.5725;21.929040
545;3161;-0.0013;3.1678;1.2051;0.5767;21.929044
545;3162;-0.0013;3.1679;1.2073;0.5724;21.929048
545;3163;-0.0013;3.1680;1.2096;0.5659;21.929052
545;3164;-0.0013;3.1680;1.2118;0.5534;21.929056
545;3165;-0.0013;3.1679;1.2139;0.5487;21.929060
545;3166;-0.0013;3.1681;1.2162;0.5511;21.929064
545;3167;-0.0013;3.1683;1.2186;0.5481;21.929068
545;3168;-0.0013;3.1684;1.2208;0.5505;21.929072
545;3169;-0.0013;3.1679;1.2229;0.5564;21.929076
545;3170;-0.0013;3.1674;1.2249;0.5523;21.929080
545;3171;-0.0013;3.1675;1.2272;0.5511;21.929084
545;3172;-0.0013;3.1678;1.2295;0.5546;21.929088
545;3173;-0.0013;3.1677;1.2318;0.5534;21.929092
545;3174;-0.0013;3.1678;1.2341;0.5546;21.929096
545;3175;-0.0013;3.1677;1.2363;0.5640;21.929100
545;3176;-0.0013;3.1678;1.2385;0.5676;21.929104
545;3177;-0.0013;3.1677;1.2407;0.5551;21.929108
545;3178;-0.0013;3.1677;1.2429;0.5433;21.929112
545;3179;-0.0013;3.1677;1.2452;0.5427;21.929116
545;3180;-0.0013;3.1676;1.2474;0.5456;21.929120
545;3181;-0.0013;3.1674;1.2496;0.5462;21.929124
545;3182;-0.0013;3.1674;1.2519;0.5569;21.929128
545;3183;-0.0013;3.1675;1.2541;0.5605;21.929132
545;3184;-0.0013;3.1677;1.2565;0.5462;21.929136
545;3185;-0.0013;3.1674;1.2586;0.5385;21.929140
545;3186;-0.0013;3.1671;1.2607;0.5456;21.929144
545;3187;-0.0013;3.1672;1.2630;0.5522;21.929148
545;3188;-0.0013;3.1674;1.2653;0.5527;21.929152
545;3189;-0.0013;3.1674;1.2675;0.5592;21.929156
545;3190;-0.0013;3.1672;1.2698;0.5639;21.929160
545;3191;-0.0013;3.1671;1.2719;0.5521;21.929164
545;3192;-0.0013;3.1672;1.2743;0.5426;21.929168
545;3193;-0.0013;3.1672;1.2765;0.5468;21.929172
545;3194;-0.0013;3.1675;1.2789;0.5491;21.929176
545;3195;-0.0013;3.1674;1.2812;0.5468;21.929180
545;3196;-0.0013;3.1672;1.2833;0.5545;21.929184
545;3197;-0.0013;3.1668;1.2855;0.5633;21.929188
545;3198;-0.0013;3.1669;1.2877;0.5562;21.929192
545;3199;-0.0013;3.1669;1.2900;0.5479;21.929196
545;3200;-0.0013;3.1669;1.2922;0.5444;21.929200
545;3201;-0.0013;3.1670;1.2945;0.5449;21.929204
545;3202;-0.0013;3.1672;1.2969;0.5455;21.929208
545;3203;-0.0013;3.1673;1.2992;0.5515;21.929212
545;3204;-0.0012;3.1670;1.3014;0.5568;21.929216
545;3205;-0.0012;3.1669;1.3036;0.5609;21.929220
545;3206;-0.0012;3.1667;1.3058;0.5639;21.929224
545;3207;-0.0012;3.1667;1.3081;0.5615;21.929228
545;3208;-0.0012;3.1665;1.3102;0.5491;21.929232
545;3209;-0.0012;3.1663;1.3125;0.5396;21.929236
545;3210;-0.0012;3.1664;1.3148;0.5378;21.929240
545;3211;-0.0012;3.1668;1.3172;0.5367;21.929244
545;3212;-0.0012;3.1666;1.3194;0.5378;21.929248
545;3213;-0.0012;3.1664;1.3216;0.5419;21.929252
545;3214;-0.0012;3.1663;1.3238;0.5490;21.929256
545;3215;-0.0012;3.1666;1.3263;0.5490;21.929260
545;3216;-0.0012;3.1664;1.3284;0.5384;21.929264
545;3217;-0.0012;3.1662;1.3307;0.5342;21.929268
545;3218;-0.0012;3.1662;1.3330;0.5366;21.929272
545;3219;-0.0012;3.1664;1.3353;0.5384;21.929276
545;3220;-0.0012;3.1662;1.3376;0.5390;21.929280
545;3221;-0.0012;3.1664;1.3399;0.5401;21.929284
545;3222;-0.0012;3.1662;1.3421;0.5384;21.929288
545;3223;-0.0012;3.1662;1.3444;0.5401;21.929292
545;3224;-0.0012;3.1662;1.3467;0.5519;21.929296
545;3225;-0.0012;3.1663;1.3491;0.5590;21.929300
545;3226;-0.0012;3.1663;1.3513;0.5560;21.929304
545;3227;-0.0012;3.1663;1.3537;0.5501;21.929308
545;3228;-0.0012;3.1659;1.3558;0.5407;21.929312
545;3229;-0.0012;3.1657;1.3579;0.5336;21.929316
545;3230;-0.0012;3.1659;1.3604;0.5359;21.929320
545;3231;-0.0012;3.1658;1.3626;0.5430;21.929324
545;3232;-0.0012;3.1660;1.3650;0.5477;21.929328
545;3233;-0.0012;3.1661;1.3674;0.5477;21.929332
545;3234;-0.0012;3.1659;1.3696;0.5436;21.929336
545;3235;-0.0012;3.1660;1.3719;0.5441;21.929340
545;3236;-0.0012;3.1663;1.3743;0.5524;21.929344
545;3237;-0.0012;3.1665;1.3767;0.5512;21.929348
545;3238;-0.0012;3.1663;1.3789;0.5382;21.929352
545;3239;-0.0012;3.1659;1.3810;0.5371;21.929356
545;3240;-0.0012;3.1660;1.3835;0.5453;21.929360
545;3241;-0.0012;3.1663;1.3859;0.5459;21.929364
545;3242;-0.0012;3.1662;1.3882;0.5424;21.929368
545;3243;-0.0012;3.1660;1.3905;0.5447;21.929372
545;3244;-0.0012;3.1660;1.3927;0.5530;21.929376
545;3245;-0.0012;3.1656;1.3949;0.5606;21.929380
545;3246;-0.0012;3.1654;1.3972;0.5506;21.929384
545;3247;-0.0012;3.1653;1.3994;0.5329;21.929388
545;3248;-0.0012;3.1653;1.4018;0.5211;21.929392
545;3249;-0.0012;3.1654;1.4041;0.5093;21.929396
545;3250;-0.0012;3.1653;1.4064;0.4999;21.929400
545;3251;-0.0012;3.1656;1.4088;0.4969;21.929404
545;3252;-0.0012;3.1655;1.4112;0.4958;21.929408
545;3253;-0.0011;3.1657;1.4135;0.4875;21.929412
545;3254;-0.0011;3.1655;1.4157;0.4799;21.929416
545;3255;-0.0011;3.1654;1.4180;0.4875;21.929420
545;3256;-0.0011;3.1651;1.4203;0.4905;21.929424
545;3257;-0.0011;3.1652;1.4226;0.4799;21.929428
545;3258;-0.0011;3.1651;1.4250;0.4734;21.929432
545;3259;-0.0011;3.1651;1.4272;0.4722;21.929436
545;3260;-0.0011;3.1648;1.4295;0.4716;21.929440
545;3261;-0.0011;3.1647;1.4319;0.4669;21.929444
545;3262;-0.0011;3.1646;1.4341;0.4605;21.929448
545;3263;-0.0011;3.1649;1.4366;0.4558;21.929452
545;3264;-0.0011;3.1650;1.4389;0.4563;21.929456
545;3265;-0.0011;3.1647;1.4411;0.4563;21.929460
545;3266;-0.0011;3.1648;1.4435;0.4516;21.929464
545;3267;-0.0011;3.1651;1.4459;0.4399;21.929468
545;3268;-0.0011;3.1646;1.4481;0.4270;21.929472
545;3269;-0.0011;3.1643;1.4504;0.4235;21.929476
545;3270;-0.0011;3.1643;1.4527;0.4246;21.929480
545;3271;-0.0011;3.1644;1.4551;0.4176;21.929484
545;3272;-0.0011;3.1647;1.4575;0.4088;21.929488
545;3273;-0.0011;3.1648;1.4600;0.4064;21.929492
545;3274;-0.0011;3.1644;1.4621;0.4129;21.929496
545;3275;-0.0011;3.1643;1.4644;0.4141;21.929500
545;3276;-0.0011;3.1642;1.4667;0.4106;21.929504
545;3277;-0.0011;3.1641;1.4690;0.4094;21.929508
545;3278;-0.0011;3.1642;1.4714;0.4106;21.929512
545;3279;-0.0011;3.1642;1.4739;0.4100;21.929516
545;3280;-0.0011;3.1643;1.4762;0.4106;21.929520
545;3281;-0.0011;3.1642;1.4786;0.4059;21.929524
545;3282;-0.0011;3.1637;1.4806;0.3983;21.929528
545;3283;-0.0011;3.1632;1.4828;0.3948;21.929532
545;3284;-0.0011;3.1629;1.4851;0.3924;21.929536
545;3285;-0.0011;3.1630;1.4875;0.3901;21.929540
545;3286;-0.0011;3.1629;1.4899;0.3831;21.929544
545;3287;-0.0011;3.1626;1.4920;0.3754;21.929548
545;3288;-0.0011;3.1624;1.4944;0.3719;21.929552
545;3289;-0.0011;3.1620;1.4965;0.3707;21.929556
545;3290;-0.0011;3.1616;1.4987;0.3655;21.929560
545;3291;-0.0011;3.1611;1.5009;0.3614;21.929564
545;3292;-0.0011;3.1605;1.5030;0.3567;21.929568
545;3293;-0.0011;3.1594;1.5048;0.3502;21.929572
545;3294;-0.0011;3.1583;1.5067;0.3473;21.929576
545;3295;-0.0011;3.1574;1.5086;0.3443;21.929580
545;3296;-0.0011;3.1564;1.5105;0.3332;21.929584
545;3297;-0.0011;3.1548;1.5121;0.3162;21.929588
545;3298;-0.0011;3.1531;1.5137;0.3009;21.929592
545;3299;-0.0010;3.1510;1.5151;0.2898;21.929596
545;3300;-0.0010;3.1481;1.5160;0.2763;21.929600
545;3301;-0.0010;3.1445;1.5167;0.2616;21.929604
545;3302;-0.0008;2.4912;1.2035;0.2833;21.929608
545;3303;-0.0008;2.4877;1.2036;0.2707;21.929612
545;3304;-0.0008;2.4839;1.2037;0.2574;21.929616
545;3305;-0.0008;2.4786;1.2029;0.2443;21.929620
545;3306;-0.0008;2.4705;1.2009;0.2270;21.929624
545;3307;-0.0008;2.4593;1.1974;0.2096;21.929628
545;3308;-0.0008;2.4448;1.1922;0.1947;21.929632
545;3309;-0.0007;2.4286;1.1861;0.1859;21.929636
545;3310;-0.0007;2.4146;1.1811;0.1837;21.929640
545;3311;-0.0007;2.4074;1.1794;0.1823;21.929644
545;3312;-0.0007;2.4097;1.1823;0.1796;21.929648
545;3313;-0.0007;2.4208;1.1897;0.1763;21.929652
545;3314;-0.0007;2.4395;1.2008;0.1772;21.929656
545;3315;-0.0007;2.4638;1.2146;0.1969;21.929660
545;3316;-0.0008;2.4857;1.2273;0.2388;21.929664
545;3317;-0.0010;3.1473;1.5563;0.2569;21.929668
545;3318;-0.0010;3.1559;1.5629;0.2904;21.929672
545;3319;-0.0010;3.1603;1.5675;0.3091;21.929676
545;3320;-0.0010;3.1621;1.5708;0.3180;21.929680
545;3321;-0.0010;3.1628;1.5736;0.3209;21.929684
545;3322;-0.0010;3.1632;1.5763;0.3238;21.929688
545;3323;-0.0010;3.1635;1.5788;0.3279;21.929692
545;3324;-0.0010;3.1632;1.5812;0.3344;21.929696
545;3325;-0.0010;3.1631;1.5835;0.3408;21.929700
545;3326;-0.0010;3.1631;1.5859;0.3373;21.929704
545;3327;-0.0010;3.1629;1.5883;0.3384;21.929708
545;3328;-0.0010;3.1628;1.5907;0.3398;21.929712
545;3329;-0.0010;3.1628;1.5931;0.3281;21.929716
545;3330;-0.0010;3.1627;1.5955;0.3182;21.929720
545;3331;-0.0010;3.1627;1.5980;0.3141;21.929724
545;3332;-0.0010;3.1627;1.6003;0.3106;21.929728
545;3333;-0.0010;3.1626;1.6028;0.3089;21.929732
545;3334;-0.0010;3.1621;1.6050;0.3065;21.929736
545;3335;-0.0010;3.1621;1.6074;0.3013;21.929740
545;3336;-0.0010;3.1624;1.6099;0.2931;21.929744
545;3337;-0.0010;3.1626;1.6125;0.2832;21.929748
545;3338;-0.0010;3.1625;1.6149;0.2729;21.929752
545;3339;-0.0010;3.1622;1.6172;0.2636;21.929756
545;3340;-0.0010;3.1617;1.6193;0.2561;21.929760
545;3341;-0.0010;3.1618;1.6219;0.2520;21.929764
545;3342;-0.0010;3.1618;1.6244;0.2520;21.929768
545;3343;-0.0010;3.1620;1.6269;0.2502;21.929772
545;3344;-0.0010;3.1618;1.6293;0.2404;21.929776
545;3345;-0.0010;3.1619;1.6317;0.2275;21.929780
545;3346;-0.0010;3.1618;1.6341;0.2171;21.929784
545;3347;-0.0010;3.1614;1.6364;0.2066;21.929788
545;3348;-0.0009;3.1612;1.6387;0.1988;21.929792
545;3349;-0.0009;3.1616;1.6414;0.1935;21.929796
545;3350;-0.0009;3.1621;1.6442;0.1877;21.929800
545;3351;-0.0009;3.1619;1.6465;0.1807;21.929804
545;3352;-0.0009;3.1616;1.6488;0.1709;21.929808
545;3353;-0.0009;3.1617;1.6513;0.1616;21.929812
545;3354;-0.0009;3.1618;1.6539;0.1540;21.929816
545;3355;-0.0009;3.1618;1.6564;0.1470;21.929820
545;3356;-0.0009;3.1614;1.6586;0.1387;21.929824
545;3357;-0.0009;3.1616;1.6611;0.1300;21.929828
545;3358;-0.0009;3.1620;1.6639;0.1230;21.929832
545;3359;-0.0009;3.1622;1.6664;0.1172;21.929836
545;3360;-0.0009;3.1622;1.6689;0.1091;21.929840
545;3361;-0.0009;3.1626;1.6716;0.0998;21.929844
545;3362;-0.0009;3.1631;1.6744;0.0929;21.929848
545;3363;-0.0009;3.1632;1.6769;0.0846;21.929852
545;3364;-0.0009;3.1637;1.6796;0.0777;21.929856
545;3365;-0.0009;3.1651;1.6828;0.0716;21.929860
545;3366;-0.0009;3.1665;1.6861;0.0649;21.929864
545;3367;-0.0007;2.5313;1.3498;0.0651;21.929868
545;3368;-0.0007;2.5335;1.3531;0.0582;21.929872
545;3369;-0.0007;2.5361;1.3564;0.0511;21.929876
545;3370;-0.0007;2.5386;1.3598;0.0441;21.929880
545;3371;-0.0007;2.5418;1.3634;0.0371;21.929884
545;3372;-0.0007;2.5464;1.3680;0.0305;21.929888
545;3373;-0.0007;2.5531;1.3737;0.0256;21.929892
545;3374;-0.0007;2.5621;1.3804;0.0223;21.929896
545;3375;-0.0007;2.5716;1.3877;0.0194;21.929900
545;3376;-0.0007;2.5842;1.3965;0.0167;21.929904
545;3377;-0.0005;1.9628;1.0622;0.0176;21.929908
545;3378;-0.0005;1.9741;1.0700;0.0158;21.929912
545;3379;-0.0005;1.9890;1.0796;0.0137;21.929916
545;3380;-0.0005;2.0107;1.0930;0.0127;21.929920
545;3381;-0.0005;2.0355;1.1081;0.0131;21.929924
545;3382;-0.0005;2.0629;1.1246;0.0144;21.929928
545;3383;-0.0005;2.0859;1.1388;0.0170;21.929932
545;3384;-0.0003;1.4659;0.8015;0.0204;21.929936
545;3385;-0.0003;1.4713;0.8056;0.0225;21.929940
545;3386;-0.0003;1.4773;0.8101;0.0240;21.929944
545;3387;-0.0003;1.4824;0.8140;0.0253;21.929948
545;3388;-0.0003;1.4828;0.8155;0.0266;21.929952
545;3389;-0.0003;1.4780;0.8140;0.0306;21.929956
545;3390;-0.0003;1.4662;0.8087;0.0436;21.929960
545;3391;-0.0001;0.8209;0.4534;0.1579;21.929964
545;3392;-0.0001;0.8129;0.4497;0.3175;21.929968
545;3393;-0.0001;0.8097;0.4486;0.5559;21.929972
545;3394;-0.0001;0.8083;0.4484;0.8048;21.929976
545;3395;-0.0001;0.8081;0.4489;0.9777;21.929980
545;3396;-0.0001;0.8078;0.4494;1.0373;21.929984
545;3397;-0.0001;0.8073;0.4498;1.0165;21.929988
545;3398;-0.0001;0.8065;0.4500;0.9762;21.929992
545;3399;-0.0001;0.8063;0.4505;0.9509;21.929996
545;3400;-0.0001;0.8060;0.4510;0.9330;21.930000
545;3401;-0.0001;0.8057;0.4515;0.8972;21.930004
545;3402;-0.0001;0.8057;0.4521;0.8272;21.930008
545;3403;-0.0001;0.8058;0.4529;0.7392;21.930012
545;3404;-0.0001;0.8061;0.4537;0.6498;21.930016
545;3405;-0.0001;0.8058;0.4542;0.5649;21.930020
545;3406;-0.0001;0.8060;0.4549;0.4963;21.930024
545;3407;-0.0001;0.8063;0.4557;0.4471;21.930028
545;3408;0.0000;0.8064;0.4564;0.4218;21.930032
545;3409;0.0000;0.8064;0.4571;0.4173;21.930036
545;3410;0.0000;0.8065;0.4578;0.4218;21.930040
545;3411;0.0000;0.8064;0.4584;0.4278;21.930044
545;3412;0.0000;0.8061;0.4589;0.4322;21.930048
545;3413;0.0000;0.8062;0.4596;0.4412;21.930052
545;3414;0.0000;0.8059;0.4601;0.4546;21.930056
545;3415;0.0000;0.8051;0.4603;0.4680;21.930060
545;3416;0.0000;0.8048;0.4608;0.4814;21.930064
545;3417;0.0000;0.8047;0.4614;0.4963;21.930068
545;3418;0.0000;0.8048;0.4621;0.5082;21.930072
545;3419;0.0000;0.8049;0.4628;0.5216;21.930076
545;3420;0.0000;0.8051;0.4636;0.5321;21.930080
545;3421;0.0000;0.8052;0.4643;0.5425;21.930084
545;3422;0.0000;0.8051;0.4649;0.5485;21.930088
545;3423;0.0000;0.8050;0.4655;0.5515;21.930092
545;3424;0.0000;0.8047;0.4660;0.5470;21.930096
545;3425;0.0000;0.8048;0.4667;0.5387;21.930100
545;3426;0.0000;0.8046;0.4672;0.5387;21.930104
545;3427;0.0000;0.8039;0.4675;0.5455;21.930108
545;3428;0.0000;0.8026;0.4674;0.5619;21.930112
545;3429;0.0000;0.8004;0.4668;0.6170;21.930116
545;3430;0.0000;0.7975;0.4658;0.7154;21.930120
545;3431;0.0000;0.7951;0.4650;0.8331;21.930124
545;3432;0.0000;0.7938;0.4649;0.9451;21.930128
545;3433;0.0000;0.7930;0.4651;0.9917;21.930132
545;3434;0.0000;0.7927;0.4656;0.9706;21.930136
545;3435;0.0000;0.7929;0.4663;0.9165;21.930140
545;3436;0.0000;0.7940;0.4676;0.8674;21.930144
545;3437;0.0000;0.7952;0.4690;0.8570;21.930148
545;3438;0.0000;0.7966;0.4705;0.8674;21.930152
545;3439;0.0000;0.7980;0.4720;0.8838;21.930156
545;3440;0.0000;0.7991;0.4733;0.8913;21.930160
545;3441;0.0000;0.7992;0.4740;0.8883;21.930164
545;3442;0.0000;0.7986;0.4743;0.8659;21.930168
545;3443;0.0000;0.7968;0.4739;0.8212;21.930172
545;3444;0.0000;0.7944;0.4731;0.7929;21.930176
545;3445;0.0000;0.7915;0.4721;0.8168;21.930180
545;3446;0.0000;0.7890;0.4712;0.9134;21.930184
545;3447;0.0000;0.7875;0.4710;1.0399;21.930188
545;3448;0.0000;0.7871;0.4714;1.1362;21.930192
545;3449;0.0000;0.7874;0.4723;1.1286;21.930196
545;3450;0.0000;0.7881;0.4733;1.0113;21.930200
545;3451;0.0000;0.7895;0.4748;0.8346;21.930204
545;3452;0.0000;0.7912;0.4765;0.6916;21.930208
545;3453;0.0000;0.7921;0.4777;0.6051;21.930212
545;3454;0.0000;0.7928;0.4788;0.5649;21.930216
545;3455;0.0000;0.7937;0.4800;0.5500;21.930220
545;3456;0.0000;0.7944;0.4811;0.5440;21.930224
545;3457;0.0000;0.7945;0.4818;0.5321;21.930228
545;3458;0.0000;0.7942;0.4823;0.5112;21.930232
545;3459;0.0000;0.7936;0.4826;0.4889;21.930236
545;3460;0.0000;0.7928;0.4828;0.4769;21.930240
545;3461;0.0000;0.7921;0.4830;0.4710;21.930244
545;3462;0.0000;0.7912;0.4832;0.4650;21.930248
545;3463;0.0000;0.7906;0.4834;0.4516;21.930252
545;3464;0.0000;0.7899;0.4837;0.4307;21.930256
545;3465;0.0000;0.7894;0.4841;0.4084;21.930260
545;3466;0.0000;0.7887;0.4843;0.3890;21.930264
545;3467;0.0000;0.7876;0.4843;0.3741;21.930268
545;3468;0.0000;0.7869;0.4845;0.3637;21.930272
545;3469;0.0000;0.7863;0.4848;0.3532;21.930276
545;3470;0.0000;0.7854;0.4849;0.3443;21.930280
545;3471;0.0000;0.7838;0.4846;0.3353;21.930284
545;3472;0.0000;0.7829;0.4847;0.3249;21.930288
545;3473;0.0000;0.7823;0.4850;0.3130;21.930292
545;3474;0.0000;0.7815;0.4852;0.3130;21.930296
545;3475;0.0000;0.7800;0.4849;0.3401;21.930300
545;3476;0.0000;0.7778;0.4842;0.4304;21.930304
545;3477;0.0000;0.7758;0.4836;0.6200;21.930308
545;3478;0.0000;0.7747;0.4835;0.8984;21.930312
545;3479;0.0000;0.7739;0.4837;1.1678;21.930316
545;3480;0.0000;0.7734;0.4841;1.3363;21.930320
545;3481;0.0000;0.7729;0.4845;1.3965;21.930324
545;3482;0.0000;0.7724;0.4848;1.3965;21.930328
545;3483;0.0000;0.7721;0.4852;1.3815;21.930332
545;3484;0.0000;0.7716;0.4856;1.3679;21.930336
545;3485;0.0000;0.7709;0.4858;1.3468;21.930340
545;3486;0.0000;0.7704;0.4862;1.2746;21.930344
545;3487;0.0000;0.7703;0.4868;1.1031;21.930348
545;3488;0.0000;0.7699;0.4872;0.8472;21.930352
545;3489;0.0000;0.7690;0.4873;0.5839;21.930356
545;3490;0.0000;0.7685;0.4876;0.3883;21.930360
545;3491;0.0000;0.7692;0.4887;0.2814;21.930364
545;3492;0.0000;0.7701;0.4899;0.2317;21.930368
545;3493;0.0000;0.7704;0.4908;0.2077;21.930372
545;3494;0.0000;0.7700;0.4913;0.1926;21.930376
545;3495;0.0000;0.7692;0.4914;0.1826;21.930380
545;3496;0.0000;0.7687;0.4917;0.1708;21.930384
545;3497;0.0000;0.7678;0.4918;0.1598;21.930388
545;3498;0.0000;0.7665;0.4916;0.1516;21.930392
545;3499;0.0000;0.7653;0.4915;0.1450;21.930396
545;3500;0.0000;0.7644;0.4916;0.1357;21.930400
545;3501;0.0000;0.7631;0.4915;0.1274;21.930404
545;3502;0.0000;0.7622;0.4915;0.1215;21.930408
545;3503;0.0000;0.7619;0.4920;0.1165;21.930412
545;3504;0.0000;0.7604;0.4917;0.1113;21.930416
545;3505;0.0000;0.7584;0.4911;0.1075;21.930420
545;3506;0.0000;0.7573;0.4910;0.1051;21.930424
545;3507;0.0000;0.7556;0.4906;0.1028;21.930428
545;3508;0.0000;0.7530;0.4896;0.1005;21.930432
545;3509;0.0000;0.7512;0.4890;0.0973;21.930436
545;3510;0.0000;0.7506;0.4893;0.0938;21.930440
545;3511;0.0000;0.7494;0.4891;0.0920;21.930444
545;3512;0.0000;0.7483;0.4891;0.0919;21.930448
545;3513;0.0000;0.7467;0.4887;0.0916;21.930452
545;3514;0.0000;0.7458;0.4888;0.0913;21.930456
545;3515;0.0000;0.7453;0.4891;0.0909;21.930460
545;3516;0.0000;0.7440;0.4889;0.0910;21.930464
545;3517;0.0000;0.7431;0.4890;0.0930;21.930468
545;3518;0.0000;0.7423;0.4891;0.0936;21.930472
545;3519;0.0000;0.7410;0.4888;0.0928;21.930476
545;3520;0.0000;0.7399;0.4888;0.0919;21.930480
545;3521;0.0000;0.7394;0.4891;0.0912;21.930484
545;3522;0.0000;0.7380;0.4888;0.0901;21.930488
545;3523;0.0000;0.7368;0.4888;0.0889;21.930492
545;3524;0.0000;0.7352;0.4883;0.0888;21.930496
545;3525;0.0000;0.7330;0.4875;0.0902;21.930500
545;3526;0.0000;0.7315;0.4872;0.0926;21.930504
545;3527;0.0000;0.7303;0.4870;0.0951;21.930508
545;3528;0.0000;0.7289;0.4867;0.1018;21.930512
545;3529;0.0000;0.7280;0.4867;0.1113;21.930516
545;3530;0.0000;0.7269;0.4867;0.1170;21.930520
545;3531;0.0000;0.7265;0.4871;0.1150;21.930524
545;3532;0.0000;0.7265;0.4876;0.1082;21.930528
545;3533;0.0000;0.7264;0.4882;0.1037;21.930532
545;3534;0.0000;0.7264;0.4889;0.1043;21.930536
545;3535;0.0000;0.7250;0.4886;0.1072;21.930540
545;3536;0.0000;0.7230;0.4879;0.1072;21.930544
545;3537;0.0000;0.7219;0.4878;0.1022;21.930548
545;3538;0.0000;0.7212;0.4880;0.0952;21.930552
545;3539;0.0000;0.7199;0.4877;0.0912;21.930556
545;3540;0.0000;0.7190;0.4878;0.0888;21.930560
545;3541;0.0000;0.7184;0.4880;0.0882;21.930564
545;3542;0.0000;0.7180;0.4883;0.0894;21.930568
545;3543;0.0000;0.7170;0.4883;0.0907;21.930572
545;3544;0.0000;0.7156;0.4880;0.0904;21.930576
545;3545;0.0001;0.7140;0.4876;0.0899;21.930580
545;3546;0.0001;0.7129;0.4875;0.0897;21.930584
545;3547;0.0001;0.7116;0.4872;0.0890;21.930588
545;3548;0.0001;0.7098;0.4866;0.0888;21.930592
545;3549;0.0001;0.7089;0.4867;0.0899;21.930596
545;3550;0.0001;0.7090;0.4874;0.0893;21.930600
545;3551;0.0001;0.7086;0.4877;0.0893;21.930604
545;3552;0.0001;0.7082;0.4881;0.0885;21.930608
545;3553;0.0001;0.7077;0.4884;0.0882;21.930612
545;3554;0.0001;0.7059;0.4878;0.0876;21.930616
545;3555;0.0001;0.7039;0.4871;0.0870;21.930620
545;3556;0.0001;0.7030;0.4871;0.0879;21.930624
545;3557;0.0001;0.7022;0.4871;0.0893;21.930628
545;3558;0.0001;0.7017;0.4875;0.0902;21.930632
545;3559;0.0001;0.7021;0.4884;0.0897;21.930636
545;3560;0.0001;0.7014;0.4885;0.0892;21.930640
545;3561;0.0001;0.6990;0.4875;0.0897;21.930644
545;3562;0.0001;0.6968;0.4866;0.0920;21.930648
545;3563;0.0001;0.6963;0.4869;0.0931;21.930652
545;3564;0.0001;0.6963;0.4875;0.0929;21.930656
545;3565;0.0001;0.6960;0.4879;0.0922;21.930660
545;3566;0.0001;0.6947;0.4877;0.0928;21.930664
545;3567;0.0001;0.6930;0.4871;0.0922;21.930668
545;3568;0.0001;0.6917;0.4868;0.0908;21.930672
545;3569;0.0001;0.6911;0.4871;0.0911;21.930676
545;3570;0.0001;0.6916;0.4880;0.0914;21.930680
545;3571;0.0001;0.6913;0.4884;0.0924;21.930684
545;3572;0.0001;0.6892;0.4876;0.0936;21.930688
545;3573;0.0001;0.6867;0.4865;0.0936;21.930692
545;3574;0.0001;0.6855;0.4863;0.0942;21.930696
545;3575;0.0001;0.6848;0.4864;0.0952;21.930700
545;3576;0.0001;0.6849;0.4870;0.0934;21.930704
545;3577;0.0001;0.6850;0.4878;0.0926;21.930708
545;3578;0.0001;0.6839;0.4877;0.0926;21.930712
545;3579;0.0001;0.6819;0.4869;0.0913;21.930716
545;3580;0.0001;0.6814;0.4871;0.0906;21.930720
545;3581;0.0001;0.6809;0.4874;0.0903;21.930724
545;3582;0.0001;0.6795;0.4870;0.0900;21.930728
545;3583;0.0001;0.6786;0.4870;0.0903;21.930732
545;3584;0.0001;0.6784;0.4875;0.0916;21.930736
545;3585;0.0001;0.6773;0.4873;0.0931;21.930740
545;3586;0.0001;0.6767;0.4875;0.0930;21.930744
545;3587;0.0001;0.6771;0.4884;0.0931;21.930748
545;3588;0.0001;0.6749;0.4875;0.0934;21.930752
545;3589;0.0001;0.6724;0.4863;0.0947;21.930756
545;3590;0.0001;0.6708;0.4858;0.0951;21.930760
545;3591;0.0001;0.6695;0.4855;0.0958;21.930764
545;3592;0.0001;0.6701;0.4865;0.0960;21.930768
545;3593;0.0001;0.6706;0.4875;0.0951;21.930772
545;3594;0.0001;0.6701;0.4878;0.0942;21.930776
545;3595;0.0001;0.6686;0.4873;0.0940;21.930780
545;3596;0.0001;0.6676;0.4872;0.0945;21.930784
545;3597;0.0001;0.6675;0.4878;0.0938;21.930788
545;3598;0.0001;0.6668;0.4879;0.0934;21.930792
545;3599;0.0001;0.6665;0.4883;0.0949;21.930796
545;3600;0.0001;0.6650;0.4878;0.0966;21.930800
545;3601;0.0001;0.6628;0.4869;0.0969;21.930804
545;3602;0.0001;0.6621;0.4870;0.0963;21.930808
545;3603;0.0001;0.6621;0.4876;0.0956;21.930812
545;3604;0.0001;0.6604;0.4870;0.0949;21.930816
545;3605;0.0001;0.6581;0.4859;0.0959;21.930820
545;3606;0.0001;0.6577;0.4862;0.0960;21.930824
545;3607;0.0001;0.6584;0.4873;0.0961;21.930828
545;3608;0.0001;0.6573;0.4872;0.0975;21.930832
545;3609;0.0001;0.6561;0.4869;0.0989;21.930836
545;3610;0.0001;0.6554;0.4870;0.0981;21.930840
545;3611;0.0001;0.6539;0.4865;0.0961;21.930844
545;3612;0.0001;0.6530;0.4865;0.0953;21.930848
545;3613;0.0001;0.6533;0.4873;0.0955;21.930852
545;3614;0.0001;0.6531;0.4878;0.0961;21.930856
545;3615;0.0001;0.6521;0.4877;0.0961;21.930860
545;3616;0.0001;0.6503;0.4869;0.0960;21.930864
545;3617;0.0001;0.6486;0.4863;0.0965;21.930868
545;3618;0.0001;0.6484;0.4868;0.0971;21.930872
545;3619;0.0001;0.6483;0.4873;0.0986;21.930876
545;3620;0.0001;0.6469;0.4869;0.1003;21.930880
545;3621;0.0001;0.6458;0.4867;0.0994;21.930884
545;3622;0.0001;0.6450;0.4867;0.0982;21.930888
545;3623;0.0001;0.6436;0.4862;0.0978;21.930892
545;3624;0.0001;0.6429;0.4864;0.0980;21.930896
545;3625;0.0001;0.6426;0.4868;0.0979;21.930900
545;3626;0.0001;0.6412;0.4863;0.0979;21.930904
545;3627;0.0001;0.6396;0.4857;0.0987;21.930908
545;3628;0.0001;0.6387;0.4857;0.0999;21.930912
545;3629;0.0001;0.6392;0.4867;0.1001;21.930916
545;3630;0.0001;0.6388;0.4870;0.1001;21.930920
545;3631;0.0001;0.6371;0.4863;0.0985;21.930924
545;3632;0.0001;0.6359;0.4860;0.0968;21.930928
545;3633;0.0001;0.6352;0.4861;0.0969;21.930932
545;3634;0.0001;0.6353;0.4868;0.0965;21.930936
545;3635;0.0001;0.6352;0.4873;0.0966;21.930940
545;3636;0.0001;0.6341;0.4871;0.0975;21.930944
545;3637;0.0001;0.6326;0.4866;0.0992;21.930948
545;3638;0.0001;0.6307;0.4857;0.1014;21.930952
545;3639;0.0001;0.6286;0.4847;0.1029;21.930956
545;3640;0.0001;0.6270;0.4841;0.1028;21.930960
545;3641;0.0001;0.6264;0.4842;0.1022;21.930964
545;3642;0.0001;0.6259;0.4845;0.1008;21.930968
545;3643;0.0001;0.6247;0.4841;0.0999;21.930972
545;3644;0.0001;0.6227;0.4832;0.0998;21.930976
545;3645;0.0001;0.6223;0.4835;0.0988;21.930980
545;3646;0.0001;0.6221;0.4840;0.0993;21.930984
545;3647;0.0001;0.6214;0.4840;0.1012;21.930988
545;3648;0.0001;0.6204;0.4839;0.1018;21.930992
545;3649;0.0001;0.6203;0.4844;0.1023;21.930996
545;3650;0.0001;0.6205;0.4852;0.1041;21.931000
545;3651;0.0001;0.6184;0.4841;0.1054;21.931004
545;3652;0.0001;0.6161;0.4829;0.1061;21.931008
545;3653;0.0001;0.6160;0.4835;0.1061;21.931012
545;3654;0.0001;0.6159;0.4840;0.1057;21.931016
545;3655;0.0001;0.6153;0.4841;0.1054;21.931020
545;3656;0.0001;0.6146;0.4842;0.1057;21.931024
545;3657;0.0001;0.6128;0.4834;0.1075;21.931028
545;3658;0.0001;0.6114;0.4829;0.1098;21.931032
545;3659;0.0001;0.6093;0.4818;0.1117;21.931036
545;3660;0.0001;0.6045;0.4787;0.1200;21.931040
545;3661;0.0001;0.5986;0.4746;0.1418;21.931044
545;3662;0.0001;0.5920;0.4699;0.1851;21.931048
545;3663;0.0001;0.5856;0.4655;0.2507;21.931052
545;3664;0.0001;0.5815;0.4628;0.3308;21.931056
545;3665;0.0001;0.5791;0.4615;0.4074;21.931060
545;3666;0.0001;0.5779;0.4611;0.4680;21.931064
545;3667;0.0001;0.5769;0.4609;0.5065;21.931068
545;3668;0.0001;0.5761;0.4608;0.5328;21.931072
545;3669;0.0001;0.5756;0.4610;0.5468;21.931076
545;3670;0.0001;0.5748;0.4609;0.5539;21.931080
545;3671;0.0001;0.5743;0.4611;0.5574;21.931084
545;3672;0.0001;0.5737;0.4612;0.5591;21.931088
545;3673;0.0001;0.5733;0.4615;0.5574;21.931092
545;3674;0.0001;0.5724;0.4613;0.5539;21.931096
545;3675;0.0001;0.5712;0.4609;0.5504;21.931100
545;3676;0.0001;0.5704;0.4608;0.5468;21.931104
545;3677;0.0001;0.5700;0.4611;0.5416;21.931108
545;3678;0.0001;0.5691;0.4610;0.5346;21.931112
545;3679;0.0001;0.5683;0.4609;0.5328;21.931116
545;3680;0.0001;0.5679;0.4612;0.5311;21.931120
545;3681;0.0001;0.5673;0.4613;0.5346;21.931124
545;3682;0.0001;0.5667;0.4613;0.5451;21.931128
545;3683;0.0001;0.5659;0.4612;0.5844;21.931132
545;3684;0.0001;0.5653;0.4613;0.6444;21.931136
545;3685;0.0001;0.5649;0.4616;0.7221;21.931140
545;3686;0.0001;0.5643;0.4617;0.8033;21.931144
545;3687;0.0001;0.5638;0.4618;0.8721;21.931148
545;3688;0.0001;0.5633;0.4620;0.9163;21.931152
545;3689;0.0001;0.5632;0.4625;0.9392;21.931156
545;3690;0.0001;0.5630;0.4629;0.9445;21.931160
545;3691;0.0001;0.5627;0.4632;0.9374;21.931164
545;3692;0.0001;0.5624;0.4636;0.9163;21.931168
545;3693;0.0001;0.5619;0.4638;0.8809;21.931172
545;3694;0.0001;0.5618;0.4642;0.8315;21.931176
545;3695;0.0002;0.5615;0.4646;0.7750;21.931180
545;3696;0.0002;0.5609;0.4647;0.7185;21.931184
545;3697;0.0002;0.5599;0.4645;0.6656;21.931188
545;3698;0.0002;0.5591;0.4644;0.6250;21.931192
545;3699;0.0002;0.5583;0.4642;0.5985;21.931196
545;3700;0.0002;0.5572;0.4639;0.5844;21.931200
545;3701;0.0002;0.5559;0.4634;0.5773;21.931204
545;3702;0.0002;0.5544;0.4628;0.5649;21.931208
545;3703;0.0002;0.5531;0.4622;0.5526;21.931212
545;3704;0.0002;0.5523;0.4621;0.5438;21.931216
545;3705;0.0002;0.5514;0.4619;0.5401;21.931220
545;3706;0.0002;0.5508;0.4620;0.5366;21.931224
545;3707;0.0002;0.5501;0.4620;0.5401;21.931228
545;3708;0.0002;0.5493;0.4619;0.5455;21.931232
545;3709;0.0002;0.5483;0.4617;0.5508;21.931236
545;3710;0.0002;0.5478;0.4618;0.5561;21.931240
545;3711;0.0002;0.5470;0.4617;0.5615;21.931244
545;3712;0.0002;0.5462;0.4617;0.5650;21.931248
545;3713;0.0002;0.5457;0.4618;0.5686;21.931252
545;3714;0.0002;0.5453;0.4620;0.5703;21.931256
545;3715;0.0002;0.5448;0.4621;0.5739;21.931260
545;3716;0.0002;0.5440;0.4620;0.5792;21.931264
545;3717;0.0002;0.5432;0.4620;0.5828;21.931268
545;3718;0.0002;0.5426;0.4620;0.5792;21.931272
545;3719;0.0002;0.5421;0.4622;0.5775;21.931276
545;3720;0.0002;0.5417;0.4624;0.5739;21.931280
545;3721;0.0002;0.5409;0.4623;0.5721;21.931284
545;3722;0.0002;0.5400;0.4621;0.5703;21.931288
545;3723;0.0002;0.5392;0.4620;0.5721;21.931292
545;3724;0.0002;0.5386;0.4620;0.5726;21.931296
545;3725;0.0002;0.5379;0.4620;0.5672;21.931300
545;3726;0.0002;0.5373;0.4621;0.5654;21.931304
545;3727;0.0002;0.5368;0.4622;0.5654;21.931308
545;3728;0.0002;0.5360;0.4621;0.5690;21.931312
545;3729;0.0002;0.5352;0.4620;0.5762;21.931316
545;3730;0.0002;0.5348;0.4622;0.5833;21.931320
545;3731;0.0002;0.5342;0.4622;0.5833;21.931324
545;3732;0.0002;0.5335;0.4622;0.5815;21.931328
545;3733;0.0002;0.5327;0.4621;0.5797;21.931332
545;3734;0.0002;0.5323;0.4623;0.5815;21.931336
545;3735;0.0002;0.5319;0.4626;0.5851;21.931340
545;3736;0.0002;0.5313;0.4626;0.5851;21.931344
545;3737;0.0002;0.5307;0.4626;0.5851;21.931348
545;3738;0.0002;0.5300;0.4626;0.5833;21.931352
545;3739;0.0002;0.5293;0.4625;0.5833;21.931356
545;3740;0.0002;0.5284;0.4624;0.5869;21.931360
545;3741;0.0002;0.5278;0.4624;0.5869;21.931364
545;3742;0.0002;0.5272;0.4624;0.5833;21.931368
545;3743;0.0002;0.5269;0.4628;0.5797;21.931372
545;3744;0.0002;0.5266;0.4630;0.5779;21.931376
545;3745;0.0002;0.5258;0.4630;0.5762;21.931380
545;3746;0.0002;0.5249;0.4628;0.5744;21.931384
545;3747;0.0002;0.5241;0.4626;0.5672;21.931388
545;3748;0.0002;0.5234;0.4625;0.5654;21.931392
545;3749;0.0002;0.5229;0.4627;0.5654;21.931396
545;3750;0.0002;0.5223;0.4627;0.5654;21.931400
545;3751;0.0002;0.5213;0.4624;0.5672;21.931404
545;3752;0.0002;0.5205;0.4622;0.5726;21.931408
545;3753;0.0002;0.5197;0.4622;0.5798;21.931412
545;3754;0.0002;0.5192;0.4623;0.5870;21.931416
545;3755;0.0002;0.5188;0.4625;0.5906;21.931420
545;3756;0.0002;0.5181;0.4625;0.5942;21.931424
545;3757;0.0002;0.5175;0.4625;0.5942;21.931428
545;3758;0.0002;0.5172;0.4628;0.5924;21.931432
545;3759;0.0002;0.5168;0.4629;0.5906;21.931436
545;3760;0.0002;0.5160;0.4628;0.5906;21.931440
545;3761;0.0002;0.5155;0.4630;0.5978;21.931444
545;3762;0.0002;0.5149;0.4630;0.6068;21.931448
545;3763;0.0002;0.5143;0.4630;0.6122;21.931452
545;3764;0.0002;0.5136;0.4630;0.6140;21.931456
545;3765;0.0002;0.5128;0.4628;0.6158;21.931460
545;3766;0.0002;0.5119;0.4625;0.6159;21.931464
545;3767;0.0002;0.5114;0.4626;0.6123;21.931468
545;3768;0.0002;0.5108;0.4627;0.6051;21.931472
545;3769;0.0002;0.5103;0.4628;0.6015;21.931476
545;3770;0.0002;0.5099;0.4630;0.6051;21.931480
545;3771;0.0002;0.5094;0.4632;0.6087;21.931484
545;3772;0.0002;0.5090;0.4633;0.6105;21.931488
545;3773;0.0002;0.5082;0.4632;0.6105;21.931492
545;3774;0.0002;0.5072;0.4629;0.6087;21.931496
545;3775;0.0002;0.5067;0.4630;0.6105;21.931500
545;3776;0.0002;0.5063;0.4632;0.6159;21.931504
545;3777;0.0002;0.5055;0.4630;0.6232;21.931508
545;3778;0.0002;0.5048;0.4630;0.6304;21.931512
545;3779;0.0002;0.5043;0.4630;0.6341;21.931516
545;3780;0.0002;0.5036;0.4630;0.6359;21.931520
545;3781;0.0002;0.5033;0.4633;0.6359;21.931524
545;3782;0.0002;0.5027;0.4633;0.6341;21.931528
545;3783;0.0002;0.5019;0.4631;0.6323;21.931532
545;3784;0.0002;0.5011;0.4629;0.6341;21.931536
545;3785;0.0002;0.5004;0.4628;0.6323;21.931540
545;3786;0.0002;0.4999;0.4629;0.6250;21.931544
545;3787;0.0002;0.4996;0.4633;0.6214;21.931548
545;3788;0.0002;0.4991;0.4634;0.6178;21.931552
545;3789;0.0002;0.4986;0.4635;0.6141;21.931556
545;3790;0.0002;0.4979;0.4634;0.6123;21.931560
545;3791;0.0002;0.4970;0.4632;0.6197;21.931564
545;3792;0.0002;0.4964;0.4631;0.6270;21.931568
545;3793;0.0002;0.4959;0.4632;0.6343;21.931572
545;3794;0.0002;0.4954;0.4634;0.6379;21.931576
545;3795;0.0002;0.4949;0.4634;0.6434;21.931580
545;3796;0.0002;0.4946;0.4637;0.6489;21.931584
545;3797;0.0002;0.4941;0.4638;0.6525;21.931588
545;3798;0.0002;0.4933;0.4637;0.6507;21.931592
545;3799;0.0002;0.4925;0.4635;0.6470;21.931596
545;3800;0.0002;0.4919;0.4635;0.6452;21.931600
545;3801;0.0002;0.4914;0.4636;0.6434;21.931604
545;3802;0.0002;0.4908;0.4636;0.6434;21.931608
545;3803;0.0002;0.4901;0.4635;0.6452;21.931612
545;3804;0.0002;0.4891;0.4631;0.6470;21.931616
545;3805;0.0002;0.4888;0.4634;0.6452;21.931620
545;3806;0.0002;0.4885;0.4637;0.6379;21.931624
545;3807;0.0002;0.4882;0.4640;0.6343;21.931628
545;3808;0.0002;0.4876;0.4640;0.6379;21.931632
545;3809;0.0002;0.4868;0.4638;0.6397;21.931636
545;3810;0.0002;0.4863;0.4639;0.6343;21.931640
545;3811;0.0002;0.4855;0.4637;0.6252;21.931644
545;3812;0.0002;0.4850;0.4637;0.6179;21.931648
545;3813;0.0002;0.4845;0.4639;0.6160;21.931652
545;3814;0.0002;0.4842;0.4641;0.6197;21.931656
545;3815;0.0002;0.4839;0.4644;0.6197;21.931660
545;3816;0.0002;0.4831;0.4642;0.6216;21.931664
545;3817;0.0002;0.4823;0.4641;0.6234;21.931668
545;3818;0.0002;0.4816;0.4639;0.6271;21.931672
545;3819;0.0002;0.4812;0.4641;0.6307;21.931676
545;3820;0.0002;0.4805;0.4640;0.6362;21.931680
545;3821;0.0002;0.4795;0.4636;0.6399;21.931684
545;3822;0.0002;0.4789;0.4637;0.6436;21.931688
545;3823;0.0002;0.4784;0.4637;0.6436;21.931692
545;3824;0.0002;0.4777;0.4636;0.6399;21.931696
545;3825;0.0002;0.4774;0.4639;0.6381;21.931700
545;3826;0.0002;0.4772;0.4642;0.6344;21.931704
545;3827;0.0002;0.4768;0.4644;0.6326;21.931708
545;3828;0.0002;0.4760;0.4642;0.6326;21.931712
545;3829;0.0002;0.4753;0.4641;0.6344;21.931716
545;3830;0.0002;0.4746;0.4640;0.6362;21.931720
545;3831;0.0002;0.4742;0.4642;0.6362;21.931724
545;3832;0.0002;0.4737;0.4643;0.6381;21.931728
545;3833;0.0002;0.4728;0.4639;0.6454;21.931732
545;3834;0.0002;0.4722;0.4639;0.6472;21.931736
545;3835;0.0002;0.4717;0.4640;0.6472;21.931740
545;3836;0.0002;0.4711;0.4640;0.6472;21.931744
545;3837;0.0002;0.4706;0.4641;0.6491;21.931748
545;3838;0.0002;0.4701;0.4641;0.6527;21.931752
545;3839;0.0002;0.4693;0.4639;0.6543;21.931756
545;3840;0.0002;0.4688;0.4640;0.6506;21.931760
545;3841;0.0002;0.4685;0.4643;0.6506;21.931764
545;3842;0.0002;0.4680;0.4643;0.6506;21.931768
545;3843;0.0002;0.4674;0.4644;0.6525;21.931772
545;3844;0.0002;0.4667;0.4642;0.6506;21.931776
545;3845;0.0002;0.4662;0.4643;0.6469;21.931780
545;3846;0.0002;0.4656;0.4642;0.6414;21.931784
545;3847;0.0002;0.4650;0.4642;0.6377;21.931788
545;3848;0.0002;0.4645;0.4643;0.6414;21.931792
545;3849;0.0002;0.4643;0.4646;0.6469;21.931796
545;3850;0.0002;0.4637;0.4646;0.6506;21.931800
545;3851;0.0002;0.4628;0.4642;0.6543;21.931804
545;3852;0.0002;0.4621;0.4642;0.6562;21.931808
545;3853;0.0002;0.4616;0.4642;0.6562;21.931812
545;3854;0.0002;0.4612;0.4644;0.6543;21.931816
545;3855;0.0002;0.4608;0.4645;0.6506;21.931820
545;3856;0.0002;0.4604;0.4647;0.6451;21.931824
545;3857;0.0002;0.4597;0.4646;0.6377;21.931828
545;3858;0.0002;0.4589;0.4644;0.6377;21.931832
545;3859;0.0002;0.4584;0.4644;0.6396;21.931836
545;3860;0.0002;0.4579;0.4644;0.6414;21.931840
545;3861;0.0002;0.4573;0.4644;0.6414;21.931844
545;3862;0.0002;0.4565;0.4642;0.6396;21.931848
545;3863;0.0002;0.4562;0.4644;0.6377;21.931852
545;3864;0.0002;0.4556;0.4644;0.6377;21.931856
545;3865;0.0002;0.4550;0.4643;0.6414;21.931860
545;3866;0.0002;0.4541;0.4640;0.6489;21.931864
545;3867;0.0002;0.4533;0.4638;0.6581;21.931868
545;3868;0.0002;0.4529;0.4639;0.6655;21.931872
545;3869;0.0002;0.4525;0.4640;0.6692;21.931876
545;3870;0.0002;0.4521;0.4642;0.6674;21.931880
545;3871;0.0002;0.4518;0.4645;0.6600;21.931884
545;3872;0.0002;0.4511;0.4644;0.6544;21.931888
545;3873;0.0002;0.4505;0.4643;0.6507;21.931892
545;3874;0.0002;0.4500;0.4643;0.6526;21.931896
545;3875;0.0002;0.4495;0.4645;0.6581;21.931900
545;3876;0.0002;0.4494;0.4649;0.6655;21.931904
545;3877;0.0002;0.4490;0.4650;0.6655;21.931908
545;3878;0.0002;0.4484;0.4650;0.6655;21.931912
545;3879;0.0002;0.4476;0.4648;0.6637;21.931916
545;3880;0.0002;0.4470;0.4647;0.6600;21.931920
545;3881;0.0002;0.4467;0.4650;0.6544;21.931924
545;3882;0.0002;0.4463;0.4651;0.6526;21.931928
545;3883;0.0002;0.4458;0.4652;0.6526;21.931932
545;3884;0.0002;0.4453;0.4651;0.6507;21.931936
545;3885;0.0002;0.4448;0.4652;0.6507;21.931940
545;3886;0.0002;0.4442;0.4652;0.6526;21.931944
545;3887;0.0002;0.4433;0.4648;0.6507;21.931948
545;3888;0.0002;0.4424;0.4645;0.6526;21.931952
545;3889;0.0002;0.4418;0.4643;0.6544;21.931956
545;3890;0.0002;0.4413;0.4644;0.6581;21.931960
545;3891;0.0002;0.4410;0.4646;0.6618;21.931964
545;3892;0.0002;0.4405;0.4648;0.6637;21.931968
545;3893;0.0002;0.4401;0.4648;0.6637;21.931972
545;3894;0.0002;0.4395;0.4648;0.6689;21.931976
545;3895;0.0002;0.4388;0.4646;0.6689;21.931980
545;3896;0.0002;0.4384;0.4648;0.6652;21.931984
545;3897;0.0002;0.4380;0.4649;0.6633;21.931988
545;3898;0.0002;0.4376;0.4651;0.6596;21.931992
545;3899;0.0002;0.4371;0.4651;0.6577;21.931996
545;3900;0.0002;0.4366;0.4651;0.6559;21.932000
545;3901;0.0002;0.4359;0.4649;0.6522;21.932004
545;3902;0.0002;0.4352;0.4648;0.6466;21.932008
545;3903;0.0002;0.4346;0.4648;0.6447;21.932012
545;3904;0.0002;0.4343;0.4650;0.6428;21.932016
545;3905;0.0002;0.4342;0.4654;0.6410;21.932020
545;3906;0.0002;0.4338;0.4655;0.6391;21.932024
545;3907;0.0002;0.4332;0.4655;0.6410;21.932028
545;3908;0.0002;0.4323;0.4652;0.6428;21.932032
545;3909;0.0002;0.4317;0.4650;0.6466;21.932036
545;3910;0.0002;0.4312;0.4652;0.6522;21.932040
545;3911;0.0002;0.4308;0.4652;0.6577;21.932044
545;3912;0.0002;0.4303;0.4653;0.6596;21.932048
545;3913;0.0002;0.4297;0.4652;0.6615;21.932052
545;3914;0.0002;0.4292;0.4652;0.6652;21.932056
545;3915;0.0002;0.4289;0.4654;0.6652;21.932060
545;3916;0.0002;0.4284;0.4655;0.6615;21.932064
545;3917;0.0002;0.4278;0.4654;0.6559;21.932068
545;3918;0.0002;0.4273;0.4655;0.6522;21.932072
545;3919;0.0002;0.4268;0.4655;0.6466;21.932076
545;3920;0.0002;0.4259;0.4651;0.6391;21.932080
545;3921;0.0002;0.4252;0.4650;0.6317;21.932084
545;3922;0.0002;0.4249;0.4651;0.6329;21.932088
545;3923;0.0002;0.4245;0.4652;0.6311;21.932092
545;3924;0.0002;0.4239;0.4652;0.6273;21.932096
545;3925;0.0002;0.4233;0.4651;0.6198;21.932100
545;3926;0.0002;0.4232;0.4655;0.6142;21.932104
545;3927;0.0002;0.4229;0.4658;0.6161;21.932108
545;3928;0.0002;0.4221;0.4655;0.6236;21.932112
545;3929;0.0003;0.4214;0.4653;0.6292;21.932116
545;3930;0.0003;0.4207;0.4651;0.6329;21.932120
545;3931;0.0003;0.4203;0.4653;0.6386;21.932124
545;3932;0.0003;0.4200;0.4655;0.6442;21.932128
545;3933;0.0003;0.4195;0.4655;0.6461;21.932132
545;3934;0.0003;0.4190;0.4655;0.6423;21.932136
545;3935;0.0003;0.4186;0.4656;0.6386;21.932140
545;3936;0.0003;0.4180;0.4656;0.6367;21.932144
545;3937;0.0003;0.4174;0.4654;0.6367;21.932148
545;3938;0.0003;0.4169;0.4655;0.6386;21.932152
545;3939;0.0003;0.4165;0.4656;0.6386;21.932156
545;3940;0.0003;0.4158;0.4654;0.6404;21.932160
545;3941;0.0003;0.4155;0.4656;0.6442;21.932164
545;3942;0.0003;0.4149;0.4655;0.6479;21.932168
545;3943;0.0003;0.4143;0.4654;0.6573;21.932172
545;3944;0.0003;0.4137;0.4654;0.6667;21.932176
545;3945;0.0003;0.4130;0.4651;0.6741;21.932180
545;3946;0.0003;0.4125;0.4651;0.6779;21.932184
545;3947;0.0003;0.4121;0.4652;0.6760;21.932188
545;3948;0.0003;0.4118;0.4655;0.6723;21.932192
545;3949;0.0003;0.4114;0.4656;0.6723;21.932196
545;3950;0.0003;0.4108;0.4655;0.6704;21.932200
545;3951;0.0003;0.4103;0.4655;0.6704;21.932204
545;3952;0.0003;0.4097;0.4654;0.6685;21.932208
545;3953;0.0003;0.4091;0.4653;0.6741;21.932212
545;3954;0.0003;0.4088;0.4656;0.6779;21.932216
545;3955;0.0003;0.4086;0.4659;0.6798;21.932220
545;3956;0.0003;0.4083;0.4661;0.6779;21.932224
545;3957;0.0003;0.4074;0.4656;0.6722;21.932228
545;3958;0.0003;0.4068;0.4655;0.6666;21.932232
545;3959;0.0003;0.4065;0.4658;0.6609;21.932236
545;3960;0.0003;0.4061;0.4659;0.6572;21.932240
545;3961;0.0003;0.4056;0.4660;0.6534;21.932244
545;3962;0.0003;0.4050;0.4658;0.6553;21.932248
545;3963;0.0003;0.4043;0.4656;0.6609;21.932252
545;3964;0.0003;0.4035;0.4653;0.6628;21.932256
545;3965;0.0003;0.4033;0.4655;0.6647;21.932260
545;3966;0.0003;0.4030;0.4658;0.6647;21.932264
545;3967;0.0003;0.4023;0.4656;0.6666;21.932268
545;3968;0.0003;0.4018;0.4656;0.6647;21.932272
545;3969;0.0003;0.4018;0.4661;0.6647;21.932276
545;3970;0.0003;0.4014;0.4662;0.6666;21.932280
545;3971;0.0003;0.4007;0.4660;0.6703;21.932284
545;3972;0.0003;0.3999;0.4657;0.6760;21.932288
545;3973;0.0003;0.3996;0.4659;0.6760;21.932292
545;3974;0.0003;0.3992;0.4660;0.6722;21.932296
545;3975;0.0003;0.3988;0.4661;0.6666;21.932300
545;3976;0.0003;0.3983;0.4661;0.6609;21.932304
545;3977;0.0003;0.3975;0.4658;0.6572;21.932308
545;3978;0.0003;0.3969;0.4656;0.6553;21.932312
545;3979;0.0003;0.3963;0.4655;0.6534;21.932316
545;3980;0.0003;0.3961;0.4659;0.6515;21.932320
545;3981;0.0003;0.3958;0.4661;0.6478;21.932324
545;3982;0.0003;0.3952;0.4660;0.6496;21.932328
545;3983;0.0003;0.3945;0.4657;0.6553;21.932332
545;3984;0.0003;0.3942;0.4659;0.6666;21.932336
545;3985;0.0003;0.3939;0.4662;0.6760;21.932340
545;3986;0.0003;0.3935;0.4663;0.6835;21.932344
545;3987;0.0003;0.3931;0.4663;0.7001;21.932348
545;3988;0.0003;0.3926;0.4664;0.7152;21.932352
545;3989;0.0003;0.3920;0.4663;0.7285;21.932356
545;3990;0.0003;0.3916;0.4664;0.7322;21.932360
545;3991;0.0003;0.3913;0.4666;0.7228;21.932364
545;3992;0.0003;0.3909;0.4667;0.7039;21.932368
545;3993;0.0003;0.3905;0.4667;0.6736;21.932372
545;3994;0.0003;0.3899;0.4666;0.6301;21.932376
545;3995;0.0003;0.3894;0.4666;0.5790;21.932380
545;3996;0.0003;0.3889;0.4666;0.5317;21.932384
545;3997;0.0003;0.3883;0.4664;0.4901;21.932388
545;3998;0.0003;0.3878;0.4664;0.4617;21.932392
545;3999;0.0003;0.3872;0.4664;0.4522;21.932396
545;4000;0.0003;0.3866;0.4662;0.4598;21.932400
545;4001;0.0003;0.3862;0.4663;0.4806;21.932404
545;4002;0.0003;0.3858;0.4664;0.5090;21.932408
545;4003;0.0003;0.3852;0.4662;0.5430;21.932412
545;4004;0.0003;0.3847;0.4662;0.5752;21.932416
545;4005;0.0003;0.3842;0.4662;0.5998;21.932420
545;4006;0.0003;0.3837;0.4661;0.6168;21.932424
545;4007;0.0003;0.3833;0.4663;0.6282;21.932428
545;4008;0.0003;0.3829;0.4663;0.6301;21.932432
545;4009;0.0003;0.3823;0.4662;0.6282;21.932436
545;4010;0.0003;0.3816;0.4659;0.6263;21.932440
545;4011;0.0003;0.3810;0.4658;0.6225;21.932444
545;4012;0.0003;0.3807;0.4660;0.6244;21.932448
545;4013;0.0003;0.3805;0.4663;0.6301;21.932452
545;4014;0.0003;0.3800;0.4664;0.6376;21.932456
545;4015;0.0003;0.3794;0.4662;0.6414;21.932460
545;4016;0.0003;0.3788;0.4660;0.6395;21.932464
545;4017;0.0003;0.3784;0.4661;0.6320;21.932468
545;4018;0.0003;0.3781;0.4664;0.6263;21.932472
545;4019;0.0003;0.3779;0.4666;0.6225;21.932476
545;4020;0.0003;0.3776;0.4668;0.6206;21.932480
545;4021;0.0003;0.3770;0.4667;0.6217;21.932484
545;4022;0.0003;0.3765;0.4667;0.6255;21.932488
545;4023;0.0003;0.3761;0.4667;0.6293;21.932492
545;4024;0.0003;0.3756;0.4667;0.6293;21.932496
545;4025;0.0003;0.3752;0.4668;0.6312;21.932500
545;4026;0.0003;0.3747;0.4668;0.6312;21.932504
545;4027;0.0003;0.3740;0.4665;0.6350;21.932508
545;4028;0.0003;0.3735;0.4664;0.6388;21.932512
545;4029;0.0003;0.3733;0.4668;0.6426;21.932516
545;4030;0.0003;0.3729;0.4669;0.6483;21.932520
545;4031;0.0003;0.3725;0.4669;0.6502;21.932524
545;4032;0.0003;0.3723;0.4673;0.6521;21.932528
545;4033;0.0003;0.3719;0.4674;0.6559;21.932532
545;4034;0.0003;0.3714;0.4674;0.6578;21.932536
545;4035;0.0003;0.3707;0.4671;0.6578;21.932540
545;4036;0.0003;0.3699;0.4666;0.6559;21.932544
545;4037;0.0003;0.3693;0.4665;0.6559;21.932548
545;4038;0.0003;0.3690;0.4667;0.6578;21.932552
545;4039;0.0003;0.3687;0.4670;0.6616;21.932556
545;4040;0.0003;0.3683;0.4669;0.6635;21.932560
545;4041;0.0003;0.3677;0.4669;0.6692;21.932564
545;4042;0.0003;0.3674;0.4670;0.6806;21.932568
545;4043;0.0003;0.3671;0.4672;0.6977;21.932572
545;4044;0.0003;0.3668;0.4674;0.7224;21.932576
545;4045;0.0003;0.3668;0.4681;0.7566;21.932580
545;4046;0.0003;0.3669;0.4687;0.8023;21.932584
545;4047;0.0003;0.3669;0.4694;0.8631;21.932588
545;4048;0.0003;0.3671;0.4702;0.9449;21.932592
545;4049;0.0003;0.3678;0.4717;1.0456;21.932596
545;4050;0.0003;0.3684;0.4731;1.1635;21.932600
545;4051;0.0003;0.3689;0.4742;1.2791;21.932604
545;4052;0.0003;0.3687;0.4746;1.3983;21.932608
545;4053;0.0003;0.3686;0.4752;1.5042;21.932612
545;4054;0.0003;0.3690;0.4762;1.6007;21.932616
545;4055;0.0003;0.3692;0.4771;1.7029;21.932620
545;4056;0.0003;0.3691;0.4776;1.8089;21.932624
545;4057;0.0003;0.3689;0.4780;1.9148;21.932628
545;4058;0.0003;0.3688;0.4783;2.0170;21.932632
545;4059;0.0003;0.3685;0.4786;2.1154;21.932636
545;4060;0.0003;0.3684;0.4791;2.2062;21.932640
545;4061;0.0003;0.3684;0.4797;2.2932;21.932644
545;4062;0.0003;0.3684;0.4803;2.3727;21.932648
545;4063;0.0003;0.3683;0.4808;2.4522;21.932652
545;4064;0.0003;0.3681;0.4811;2.5354;21.932656
545;4065;0.0003;0.3682;0.4818;2.6111;21.932660
545;4066;0.0003;0.3681;0.4823;2.6717;21.932664
545;4067;0.0003;0.3680;0.4828;2.7152;21.932668
545;4068;0.0003;0.3678;0.4831;2.7379;21.932672
545;4069;0.0003;0.3676;0.4835;2.7379;21.932676
545;4070;0.0003;0.3674;0.4839;2.7114;21.932680
545;4071;0.0003;0.3674;0.4845;2.6622;21.932684
545;4072;0.0003;0.3677;0.4855;2.5808;21.932688
545;4073;0.0003;0.3681;0.4867;2.4705;21.932692
545;4074;0.0003;0.3689;0.4883;2.3782;21.932696
545;4075;0.0003;0.3698;0.4902;2.2954;21.932700
545;4076;0.0003;0.3706;0.4919;2.2201;21.932704
545;4077;0.0003;0.3712;0.4932;2.1165;21.932708
545;4078;0.0003;0.3714;0.4942;1.9715;21.932712
545;4079;0.0003;0.3715;0.4949;1.8246;21.932716
545;4080;0.0003;0.3712;0.4952;1.7041;21.932720
545;4081;0.0003;0.3707;0.4952;1.5987;21.932724
545;4082;0.0003;0.3702;0.4951;1.5196;21.932728
545;4083;0.0003;0.3697;0.4951;1.4913;21.932732
545;4084;0.0003;0.3694;0.4953;1.5252;21.932736
545;4085;0.0003;0.3691;0.4955;1.6137;21.932740
545;4086;0.0003;0.3688;0.4958;1.7550;21.932744
545;4087;0.0003;0.3685;0.4960;1.9451;21.932748
545;4088;0.0003;0.3683;0.4964;2.1523;21.932752
545;4089;0.0003;0.3682;0.4969;2.2803;21.932756
545;4090;0.0003;0.3680;0.4973;2.3104;21.932760
545;4091;0.0003;0.3676;0.4974;2.2445;21.932764
545;4092;0.0003;0.3674;0.4977;2.0920;21.932768
545;4093;0.0003;0.3672;0.4981;1.8943;21.932772
545;4094;0.0003;0.3669;0.4984;1.6928;21.932776
545;4095;0.0003;0.3669;0.4989;1.5403;21.932780
545;4096;0.0003;0.3668;0.4994;1.4273;21.932784
545;4097;0.0003;0.3665;0.4996;1.3388;21.932788
545;4098;0.0003;0.3663;0.5001;1.2673;21.932792
545;4099;0.0003;0.3662;0.5006;1.2078;21.932796
545;4100;0.0003;0.3661;0.5011;1.1704;21.932800
545;4101;0.0003;0.3660;0.5016;1.1404;21.932804
545;4102;0.0003;0.3659;0.5020;1.1142;21.932808
545;4103;0.0003;0.3654;0.5021;1.0936;21.932812
545;4104;0.0003;0.3650;0.5022;1.0805;21.932816
545;4105;0.0003;0.3648;0.5025;1.0674;21.932820
545;4106;0.0003;0.3646;0.5029;1.0524;21.932824
545;4107;0.0003;0.3644;0.5032;1.0393;21.932828
545;4108;0.0003;0.3642;0.5036;1.0299;21.932832
545;4109;0.0003;0.3639;0.5038;1.0206;21.932836
545;4110;0.0003;0.3636;0.5041;1.0112;21.932840
545;4111;0.0003;0.3631;0.5041;0.9981;21.932844
545;4112;0.0003;0.3628;0.5044;0.9813;21.932848
545;4113;0.0003;0.3629;0.5051;0.9663;21.932852
545;4114;0.0003;0.3627;0.5055;0.9550;21.932856
545;4115;0.0003;0.3623;0.5056;0.9419;21.932860
545;4116;0.0003;0.3619;0.5057;0.9251;21.932864
545;4117;0.0003;0.3617;0.5060;0.9082;21.932868
545;4118;0.0003;0.3615;0.5064;0.8914;21.932872
545;4119;0.0003;0.3612;0.5066;0.8764;21.932876
545;4120;0.0003;0.3606;0.5065;0.8614;21.932880
545;4121;0.0003;0.3600;0.5064;0.8502;21.932884
545;4122;0.0003;0.3599;0.5069;0.8389;21.932888
545;4123;0.0003;0.3595;0.5070;0.8258;21.932892
545;4124;0.0003;0.3589;0.5068;0.8127;21.932896
545;4125;0.0003;0.3585;0.5068;0.7959;21.932900
545;4126;0.0003;0.3583;0.5072;0.7865;21.932904
545;4127;0.0003;0.3579;0.5073;0.7771;21.932908
545;4128;0.0003;0.3574;0.5073;0.7640;21.932912
545;4129;0.0003;0.3571;0.5075;0.7528;21.932916
545;4130;0.0003;0.3568;0.5077;0.7434;21.932920
545;4131;0.0003;0.3561;0.5074;0.7381;21.932924
545;4132;0.0003;0.3557;0.5075;0.7287;21.932928
545;4133;0.0003;0.3553;0.5076;0.7174;21.932932
545;4134;0.0003;0.3551;0.5079;0.7061;21.932936
545;4135;0.0003;0.3549;0.5083;0.6948;21.932940
545;4136;0.0003;0.3542;0.5079;0.6835;21.932944
545;4137;0.0003;0.3534;0.5076;0.6760;21.932948
545;4138;0.0003;0.3530;0.5076;0.6685;21.932952
545;4139;0.0003;0.3526;0.5077;0.6609;21.932956
545;4140;0.0003;0.3521;0.5076;0.6553;21.932960
545;4141;0.0003;0.3517;0.5077;0.6515;21.932964
545;4142;0.0003;0.3513;0.5078;0.6440;21.932968
545;4143;0.0003;0.3509;0.5079;0.6365;21.932972
545;4144;0.0003;0.3505;0.5079;0.6308;21.932976
545;4145;0.0003;0.3500;0.5079;0.6233;21.932980
545;4146;0.0003;0.3493;0.5076;0.6176;21.932984
545;4147;0.0003;0.3489;0.5077;0.6120;21.932988
545;4148;0.0003;0.3489;0.5084;0.6063;21.932992
545;4149;0.0003;0.3486;0.5086;0.6007;21.932996
545;4150;0.0003;0.3479;0.5082;0.5969;21.933000
545;4151;0.0003;0.3472;0.5078;0.5894;21.933004
545;4152;0.0003;0.3467;0.5077;0.5837;21.933008
545;4153;0.0003;0.3464;0.5079;0.5818;21.933012
545;4154;0.0003;0.3459;0.5080;0.5781;21.933016
545;4155;0.0003;0.3455;0.5080;0.5743;21.933020
545;4156;0.0003;0.3450;0.5080;0.5705;21.933024
545;4157;0.0003;0.3443;0.5076;0.5630;21.933028
545;4158;0.0003;0.3435;0.5071;0.5592;21.933032
545;4159;0.0003;0.3427;0.5067;0.5574;21.933036
545;4160;0.0003;0.3422;0.5065;0.5555;21.933040
545;4161;0.0003;0.3417;0.5065;0.5555;21.933044
545;4162;0.0003;0.3413;0.5065;0.5536;21.933048
545;4163;0.0003;0.3409;0.5066;0.5536;21.933052
545;4164;0.0003;0.3404;0.5065;0.5536;21.933056
545;4165;0.0003;0.3398;0.5063;0.5525;21.933060
545;4166;0.0003;0.3393;0.5062;0.5487;21.933064
545;4167;0.0003;0.3390;0.5064;0.5449;21.933068
545;4168;0.0003;0.3387;0.5066;0.5430;21.933072
545;4169;0.0003;0.3383;0.5068;0.5411;21.933076
545;4170;0.0003;0.3381;0.5071;0.5393;21.933080
545;4171;0.0003;0.3376;0.5071;0.5374;21.933084
545;4172;0.0003;0.3371;0.5070;0.5374;21.933088
545;4173;0.0003;0.3365;0.5067;0.5336;21.933092
545;4174;0.0003;0.3357;0.5062;0.5298;21.933096
545;4175;0.0003;0.3351;0.5060;0.5298;21.933100
545;4176;0.0003;0.3346;0.5059;0.5298;21.933104
545;4177;0.0003;0.3342;0.5060;0.5317;21.933108
545;4178;0.0003;0.3341;0.5064;0.5317;21.933112
545;4179;0.0003;0.3335;0.5062;0.5336;21.933116
545;4180;0.0003;0.3329;0.5060;0.5336;21.933120
545;4181;0.0003;0.3323;0.5058;0.5336;21.933124
545;4182;0.0003;0.3319;0.5058;0.5317;21.933128
545;4183;0.0003;0.3317;0.5062;0.5298;21.933132
545;4184;0.0003;0.3314;0.5064;0.5279;21.933136
545;4185;0.0003;0.3307;0.5061;0.5241;21.933140
545;4186;0.0003;0.3301;0.5059;0.5203;21.933144
545;4187;0.0003;0.3296;0.5058;0.5184;21.933148
545;4188;0.0003;0.3293;0.5059;0.5184;21.933152
545;4189;0.0003;0.3286;0.5056;0.5203;21.933156
545;4190;0.0003;0.3282;0.5057;0.5203;21.933160
545;4191;0.0003;0.3278;0.5057;0.5222;21.933164
545;4192;0.0003;0.3275;0.5059;0.5203;21.933168
545;4193;0.0003;0.3269;0.5057;0.5184;21.933172
545;4194;0.0003;0.3263;0.5053;0.5165;21.933176
545;4195;0.0003;0.3256;0.5050;0.5147;21.933180
545;4196;0.0003;0.3253;0.5052;0.5147;21.933184
545;4197;0.0003;0.3249;0.5053;0.5147;21.933188
545;4198;0.0003;0.3243;0.5050;0.5165;21.933192
545;4199;0.0003;0.3238;0.5050;0.5190;21.933196
545;4200;0.0003;0.3235;0.5052;0.5190;21.933200
545;4201;0.0003;0.3232;0.5054;0.5171;21.933204
545;4202;0.0003;0.3229;0.5057;0.5171;21.933208
545;4203;0.0003;0.3226;0.5059;0.5190;21.933212
545;4204;0.0003;0.3222;0.5058;0.5190;21.933216
545;4205;0.0003;0.3218;0.5060;0.5190;21.933220
545;4206;0.0003;0.3215;0.5062;0.5209;21.933224
545;4207;0.0003;0.3212;0.5064;0.5209;21.933228
545;4208;0.0003;0.3208;0.5063;0.5190;21.933232
545;4209;0.0003;0.3202;0.5061;0.5190;21.933236
545;4210;0.0003;0.3196;0.5059;0.5190;21.933240
545;4211;0.0003;0.3191;0.5057;0.5171;21.933244
545;4212;0.0003;0.3186;0.5057;0.5171;21.933248
545;4213;0.0003;0.3181;0.5055;0.5190;21.933252
545;4214;0.0003;0.3177;0.5057;0.5228;21.933256
545;4215;0.0003;0.3174;0.5059;0.5247;21.933260
545;4216;0.0003;0.3169;0.5057;0.5285;21.933264
545;4217;0.0003;0.3164;0.5056;0.5304;21.933268
545;4218;0.0003;0.3158;0.5053;0.5323;21.933272
545;4219;0.0003;0.3152;0.5051;0.5304;21.933276
545;4220;0.0003;0.3148;0.5051;0.5266;21.933280
545;4221;0.0003;0.3145;0.5053;0.5266;21.933284
545;4222;0.0003;0.3140;0.5053;0.5266;21.933288
545;4223;0.0003;0.3134;0.5049;0.5323;21.933292
545;4224;0.0003;0.3131;0.5051;0.5361;21.933296
545;4225;0.0003;0.3126;0.5051;0.5361;21.933300
545;4226;0.0003;0.3121;0.5048;0.5323;21.933304
545;4227;0.0003;0.3114;0.5045;0.5285;21.933308
545;4228;0.0003;0.3111;0.5047;0.5285;21.933312
545;4229;0.0003;0.3110;0.5052;0.5285;21.933316
545;4230;0.0003;0.3105;0.5051;0.5304;21.933320
545;4231;0.0003;0.3099;0.5049;0.5323;21.933324
545;4232;0.0003;0.3095;0.5048;0.5304;21.933328
545;4233;0.0003;0.3090;0.5048;0.5304;21.933332
545;4234;0.0003;0.3088;0.5052;0.5323;21.933336
545;4235;0.0003;0.3084;0.5052;0.5323;21.933340
545;4236;0.0003;0.3082;0.5055;0.5342;21.933344
545;4237;0.0003;0.3080;0.5058;0.5323;21.933348
545;4238;0.0003;0.3074;0.5056;0.5304;21.933352
545;4239;0.0003;0.3069;0.5055;0.5304;21.933356
545;4240;0.0003;0.3063;0.5052;0.5342;21.933360
545;4241;0.0003;0.3057;0.5049;0.5342;21.933364
545;4242;0.0003;0.3052;0.5048;0.5367;21.933368
545;4243;0.0003;0.3048;0.5049;0.5367;21.933372
545;4244;0.0003;0.3044;0.5049;0.5386;21.933376
545;4245;0.0003;0.3039;0.5048;0.5386;21.933380
545;4246;0.0003;0.3036;0.5049;0.5386;21.933384
545;4247;0.0003;0.3033;0.5051;0.5405;21.933388
545;4248;0.0003;0.3031;0.5055;0.5424;21.933392
545;4249;0.0003;0.3023;0.5049;0.5424;21.933396
545;4250;0.0003;0.3017;0.5045;0.5386;21.933400
545;4251;0.0003;0.3013;0.5047;0.5367;21.933404
545;4252;0.0003;0.3011;0.5050;0.5348;21.933408
545;4253;0.0003;0.3008;0.5052;0.5348;21.933412
545;4254;0.0003;0.3003;0.5050;0.5348;21.933416
545;4255;0.0003;0.2997;0.5047;0.5348;21.933420
545;4256;0.0003;0.2991;0.5044;0.5310;21.933424
545;4257;0.0003;0.2988;0.5046;0.5310;21.933428
545;4258;0.0003;0.2984;0.5047;0.5329;21.933432
545;4259;0.0003;0.2980;0.5047;0.5348;21.933436
545;4260;0.0003;0.2975;0.5045;0.5386;21.933440
545;4261;0.0003;0.2972;0.5047;0.5405;21.933444
545;4262;0.0003;0.2970;0.5050;0.5424;21.933448
545;4263;0.0003;0.2966;0.5051;0.5463;21.933452
545;4264;0.0003;0.2960;0.5048;0.5501;21.933456
545;4265;0.0003;0.2955;0.5047;0.5501;21.933460
545;4266;0.0003;0.2950;0.5046;0.5520;21.933464
545;4267;0.0003;0.2946;0.5046;0.5520;21.933468
545;4268;0.0003;0.2943;0.5048;0.5520;21.933472
545;4269;0.0003;0.2938;0.5047;0.5520;21.933476
545;4270;0.0003;0.2934;0.5047;0.5501;21.933480
545;4271;0.0003;0.2930;0.5047;0.5482;21.933484
545;4272;0.0003;0.2926;0.5047;0.5482;21.933488
545;4273;0.0003;0.2920;0.5045;0.5482;21.933492
545;4274;0.0003;0.2915;0.5042;0.5482;21.933496
545;4275;0.0003;0.2912;0.5044;0.5482;21.933500
545;4276;0.0003;0.2909;0.5046;0.5501;21.933504
545;4277;0.0003;0.2906;0.5047;0.5539;21.933508
545;4278;0.0003;0.2902;0.5047;0.5577;21.933512
545;4279;0.0003;0.2897;0.5047;0.5596;21.933516
545;4280;0.0003;0.2894;0.5048;0.5615;21.933520
545;4281;0.0003;0.2890;0.5048;0.5635;21.933524
545;4282;0.0003;0.2885;0.5047;0.5635;21.933528
545;4283;0.0003;0.2879;0.5044;0.5635;21.933532
545;4284;0.0003;0.2875;0.5044;0.5615;21.933536
545;4285;0.0003;0.2870;0.5043;0.5596;21.933540
545;4286;0.0003;0.2865;0.5042;0.5600;21.933544
545;4287;0.0003;0.2861;0.5041;0.5581;21.933548
545;4288;0.0003;0.2858;0.5043;0.5581;21.933552
545;4289;0.0003;0.2857;0.5049;0.5596;21.933556
545;4290;0.0003;0.2852;0.5046;0.5619;21.933560
545;4291;0.0003;0.2845;0.5042;0.5619;21.933564
545;4292;0.0003;0.2840;0.5040;0.5638;21.933568
545;4293;0.0003;0.2838;0.5043;0.5676;21.933572
545;4294;0.0003;0.2833;0.5042;0.5676;21.933576
545;4295;0.0003;0.2826;0.5037;0.5696;21.933580
545;4296;0.0003;0.2823;0.5038;0.5715;21.933584
545;4297;0.0004;0.2819;0.5038;0.5734;21.933588
545;4298;0.0003;0.2815;0.5040;0.5772;21.933592
545;4299;0.0003;0.2810;0.5038;0.5811;21.933596
545;4300;0.0004;0.2807;0.5039;0.5811;21.933600
545;4301;0.0004;0.2807;0.5047;0.5772;21.933604
545;4302;0.0004;0.2804;0.5049;0.5753;21.933608
545;4303;0.0004;0.2800;0.5048;0.5772;21.933612
545;4304;0.0004;0.2794;0.5046;0.5772;21.933616
545;4305;0.0004;0.2790;0.5046;0.5772;21.933620
545;4306;0.0004;0.2785;0.5044;0.5753;21.933624
545;4307;0.0004;0.2782;0.5045;0.5791;21.933628
545;4308;0.0004;0.2777;0.5043;0.5830;21.933632
545;4309;0.0004;0.2772;0.5041;0.5887;21.933636
545;4310;0.0004;0.2767;0.5040;0.5907;21.933640
545;4311;0.0004;0.2763;0.5040;0.5907;21.933644
545;4312;0.0004;0.2759;0.5039;0.5887;21.933648
545;4313;0.0004;0.2754;0.5039;0.5907;21.933652
545;4314;0.0004;0.2749;0.5037;0.5887;21.933656
545;4315;0.0004;0.2746;0.5039;0.5868;21.933660
545;4316;0.0004;0.2741;0.5036;0.5868;21.933664
545;4317;0.0004;0.2736;0.5035;0.5868;21.933668
545;4318;0.0004;0.2734;0.5038;0.5907;21.933672
545;4319;0.0004;0.2731;0.5040;0.5945;21.933676
545;4320;0.0004;0.2726;0.5039;0.5964;21.933680
545;4321;0.0004;0.2723;0.5040;0.5964;21.933684
545;4322;0.0004;0.2719;0.5040;0.5983;21.933688
545;4323;0.0004;0.2714;0.5038;0.5964;21.933692
545;4324;0.0004;0.2708;0.5035;0.5926;21.933696
545;4325;0.0004;0.2703;0.5033;0.5926;21.933700
545;4326;0.0004;0.2700;0.5035;0.5964;21.933704
545;4327;0.0004;0.2697;0.5036;0.5983;21.933708
545;4328;0.0004;0.2695;0.5040;0.5983;21.933712
545;4329;0.0004;0.2691;0.5040;0.5983;21.933716
545;4330;0.0004;0.2686;0.5039;0.5945;21.933720
545;4331;0.0004;0.2679;0.5033;0.5945;21.933724
545;4332;0.0004;0.2675;0.5032;0.6010;21.933728
545;4333;0.0004;0.2671;0.5032;0.6030;21.933732
545;4334;0.0004;0.2669;0.5035;0.6049;21.933736
545;4335;0.0004;0.2667;0.5039;0.6022;21.933740
545;4336;0.0004;0.2663;0.5039;0.6049;21.933744
545;4337;0.0004;0.2657;0.5036;0.6087;21.933748
545;4338;0.0004;0.2654;0.5038;0.6145;21.933752
545;4339;0.0004;0.2651;0.5040;0.6184;21.933756
545;4340;0.0004;0.2649;0.5043;0.6164;21.933760
545;4341;0.0004;0.2645;0.5042;0.6107;21.933764
545;4342;0.0004;0.2639;0.5039;0.6049;21.933768
545;4343;0.0004;0.2635;0.5039;0.6030;21.933772
545;4344;0.0004;0.2631;0.5039;0.6049;21.933776
545;4345;0.0004;0.2627;0.5039;0.6049;21.933780
545;4346;0.0004;0.2623;0.5038;0.6087;21.933784
545;4347;0.0004;0.2620;0.5040;0.6126;21.933788
545;4348;0.0004;0.2617;0.5042;0.6126;21.933792
545;4349;0.0004;0.2611;0.5038;0.6126;21.933796
545;4350;0.0004;0.2605;0.5035;0.6164;21.933800
545;4351;0.0004;0.2601;0.5034;0.6222;21.933804
545;4352;0.0004;0.2597;0.5034;0.6280;21.933808
545;4353;0.0004;0.2592;0.5032;0.6319;21.933812
545;4354;0.0004;0.2588;0.5032;0.6357;21.933816
545;4355;0.0004;0.2586;0.5035;0.6376;21.933820
545;4356;0.0004;0.2584;0.5040;0.6357;21.933824
545;4357;0.0004;0.2579;0.5038;0.6357;21.933828
545;4358;0.0004;0.2573;0.5033;0.6396;21.933832
545;4359;0.0004;0.2569;0.5032;0.6396;21.933836
545;4360;0.0004;0.2567;0.5036;0.6357;21.933840
545;4361;0.0004;0.2563;0.5036;0.6319;21.933844
545;4362;0.0004;0.2560;0.5037;0.6299;21.933848
545;4363;0.0004;0.2555;0.5035;0.6319;21.933852
545;4364;0.0004;0.2550;0.5034;0.6357;21.933856
545;4365;0.0004;0.2544;0.5030;0.6357;21.933860
545;4366;0.0004;0.2541;0.5032;0.6396;21.933864
545;4367;0.0004;0.2539;0.5035;0.6434;21.933868
545;4368;0.0004;0.2537;0.5038;0.6473;21.933872
545;4369;0.0004;0.2532;0.5036;0.6492;21.933876
545;4370;0.0004;0.2525;0.5031;0.6492;21.933880
545;4371;0.0004;0.2522;0.5030;0.6473;21.933884
545;4372;0.0004;0.2519;0.5034;0.6453;21.933888
545;4373;0.0004;0.2513;0.5030;0.6396;21.933892
545;4374;0.0004;0.2510;0.5031;0.6376;21.933896
545;4375;0.0004;0.2508;0.5035;0.6357;21.933900
545;4376;0.0004;0.2504;0.5034;0.6396;21.933904
545;4377;0.0004;0.2501;0.5035;0.6434;21.933908
545;4378;0.0004;0.2497;0.5035;0.6492;21.933912
545;4379;0.0004;0.2493;0.5035;0.6550;21.933916
545;4380;0.0004;0.2488;0.5034;0.6588;21.933920
545;4381;0.0004;0.2483;0.5030;0.6646;21.933924
545;4382;0.0004;0.2479;0.5031;0.6704;21.933928
545;4383;0.0004;0.2476;0.5033;0.6762;21.933932
545;4384;0.0004;0.2472;0.5031;0.6781;21.933936
545;4385;0.0004;0.2468;0.5031;0.6781;21.933940
545;4386;0.0004;0.2463;0.5029;0.6792;21.933944
545;4387;0.0004;0.2460;0.5030;0.6772;21.933948
545;4388;0.0004;0.2456;0.5029;0.6792;21.933952
545;4389;0.0004;0.2452;0.5030;0.6811;21.933956
545;4390;0.0004;0.2447;0.5027;0.6830;21.933960
545;4391;0.0004;0.2443;0.5027;0.6792;21.933964
545;4392;0.0004;0.2440;0.5028;0.6753;21.933968
545;4393;0.0004;0.2436;0.5028;0.6753;21.933972
545;4394;0.0004;0.2433;0.5029;0.6772;21.933976
545;4395;0.0004;0.2430;0.5031;0.6830;21.933980
545;4396;0.0004;0.2426;0.5032;0.6850;21.933984
545;4397;0.0004;0.2421;0.5029;0.6888;21.933988
545;4398;0.0004;0.2418;0.5031;0.6888;21.933992
545;4399;0.0004;0.2414;0.5031;0.6850;21.933996
545;4400;0.0004;0.2409;0.5028;0.6850;21.934000
545;4401;0.0004;0.2406;0.5029;0.6869;21.934004
545;4402;0.0004;0.2404;0.5032;0.6850;21.934008
545;4403;0.0004;0.2398;0.5029;0.6850;21.934012
545;4404;0.0004;0.2394;0.5027;0.6869;21.934016
545;4405;0.0004;0.2391;0.5029;0.6966;21.934020
545;4406;0.0004;0.2387;0.5028;0.7062;21.934024
545;4407;0.0004;0.2384;0.5030;0.7140;21.934028
545;4408;0.0004;0.2380;0.5030;0.7140;21.934032
545;4409;0.0004;0.2377;0.5032;0.7082;21.934036
545;4410;0.0004;0.2373;0.5031;0.7004;21.934040
545;4411;0.0004;0.2367;0.5027;0.6966;21.934044
545;4412;0.0004;0.2363;0.5026;0.6927;21.934048
545;4413;0.0004;0.2359;0.5026;0.6946;21.934052
545;4414;0.0004;0.2355;0.5025;0.6985;21.934056
545;4415;0.0004;0.2351;0.5024;0.7043;21.934060
545;4416;0.0004;0.2348;0.5027;0.7082;21.934064
545;4417;0.0004;0.2345;0.5029;0.7121;21.934068
545;4418;0.0004;0.2341;0.5027;0.7159;21.934072
545;4419;0.0004;0.2337;0.5026;0.7198;21.934076
545;4420;0.0004;0.2333;0.5027;0.7237;21.934080
545;4421;0.0004;0.2329;0.5025;0.7237;21.934084
545;4422;0.0004;0.2325;0.5024;0.7198;21.934088
545;4423;0.0004;0.2321;0.5025;0.7198;21.934092
545;4424;0.0003;0.2316;0.5023;0.7217;21.934096
545;4425;0.0003;0.2312;0.5021;0.7237;21.934100
545;4426;0.0003;0.2309;0.5024;0.7237;21.934104
545;4427;0.0003;0.2307;0.5027;0.7237;21.934108
545;4428;0.0003;0.2303;0.5026;0.7275;21.934112
545;4429;0.0003;0.2300;0.5027;0.7314;21.934116
545;4430;0.0003;0.2296;0.5027;0.7314;21.934120
545;4431;0.0003;0.2291;0.5024;0.7314;21.934124
545;4432;0.0003;0.2286;0.5021;0.7333;21.934128
545;4433;0.0003;0.2282;0.5021;0.7372;21.934132
545;4434;0.0003;0.2280;0.5024;0.7372;21.934136
545;4435;0.0003;0.2278;0.5029;0.7333;21.934140
545;4436;0.0003;0.2274;0.5029;0.7256;21.934144
545;4437;0.0003;0.2269;0.5025;0.7237;21.934148
545;4438;0.0003;0.2267;0.5028;0.7237;21.934152
545;4439;0.0003;0.2264;0.5031;0.7275;21.934156
545;4440;0.0003;0.2260;0.5030;0.7333;21.934160
545;4441;0.0003;0.2254;0.5025;0.7372;21.934164
545;4442;0.0003;0.2249;0.5022;0.7391;21.934168
545;4443;0.0003;0.2245;0.5022;0.7449;21.934172
545;4444;0.0003;0.2242;0.5023;0.7508;21.934176
545;4445;0.0003;0.2239;0.5025;0.7527;21.934180
545;4446;0.0003;0.2235;0.5024;0.7536;21.934184
545;4447;0.0003;0.2234;0.5029;0.7488;21.934188
545;4448;0.0003;0.2232;0.5033;0.7469;21.934192
545;4449;0.0003;0.2227;0.5030;0.7469;21.934196
545;4450;0.0003;0.2222;0.5027;0.7517;21.934200
545;4451;0.0003;0.2217;0.5025;0.7517;21.934204
545;4452;0.0003;0.2212;0.5021;0.7517;21.934208
545;4453;0.0003;0.2208;0.5020;0.7497;21.934212
545;4454;0.0003;0.2205;0.5022;0.7497;21.934216
545;4455;0.0003;0.2202;0.5024;0.7517;21.934220
545;4456;0.0003;0.2198;0.5024;0.7575;21.934224
545;4457;0.0003;0.2195;0.5025;0.7653;21.934228
545;4458;0.0003;0.2192;0.5027;0.7692;21.934232
545;4459;0.0003;0.2187;0.5023;0.7730;21.934236
545;4460;0.0003;0.2182;0.5019;0.7750;21.934240
545;4461;0.0003;0.2177;0.5018;0.7750;21.934244
545;4462;0.0003;0.2175;0.5020;0.7808;21.934248
545;4463;0.0003;0.2173;0.5025;0.7886;21.934252
545;4464;0.0003;0.2169;0.5025;0.7944;21.934256
545;4465;0.0003;0.2165;0.5024;0.7963;21.934260
545;4466;0.0003;0.2162;0.5025;0.7963;21.934264
545;4467;0.0003;0.2156;0.5020;0.7963;21.934268
545;4468;0.0003;0.2153;0.5021;0.7944;21.934272
545;4469;0.0003;0.2150;0.5022;0.7963;21.934276
545;4470;0.0003;0.2147;0.5023;0.7944;21.934280
545;4471;0.0003;0.2143;0.5023;0.7963;21.934284
545;4472;0.0003;0.2140;0.5024;0.7983;21.934288
545;4473;0.0003;0.2136;0.5024;0.8041;21.934292
545;4474;0.0003;0.2134;0.5027;0.8061;21.934296
545;4475;0.0003;0.2130;0.5026;0.8041;21.934300
545;4476;0.0003;0.2125;0.5024;0.8002;21.934304
545;4477;0.0003;0.2121;0.5022;0.7944;21.934308
545;4478;0.0003;0.2117;0.5022;0.7944;21.934312
545;4479;0.0003;0.2113;0.5021;0.8002;21.934316
545;4480;0.0003;0.2110;0.5022;0.8061;21.934320
545;4481;0.0003;0.2107;0.5023;0.8119;21.934324
545;4482;0.0003;0.2103;0.5023;0.8177;21.934328
545;4483;0.0003;0.2098;0.5019;0.8216;21.934332
545;4484;0.0003;0.2093;0.5017;0.8177;21.934336
545;4485;0.0003;0.2089;0.5016;0.8138;21.934340
545;4486;0.0003;0.2086;0.5017;0.8061;21.934344
545;4487;0.0003;0.2083;0.5018;0.8002;21.934348
545;4488;0.0003;0.2079;0.5017;0.8002;21.934352
545;4489;0.0003;0.2077;0.5020;0.8022;21.934356
545;4490;0.0003;0.2074;0.5022;0.8099;21.934360
545;4491;0.0003;0.2070;0.5021;0.8177;21.934364
545;4492;0.0003;0.2065;0.5019;0.8255;21.934368
545;4493;0.0003;0.2062;0.5019;0.8274;21.934372
545;4494;0.0003;0.2059;0.5020;0.8313;21.934376
545;4495;0.0003;0.2055;0.5020;0.8313;21.934380
545;4496;0.0003;0.2050;0.5016;0.8274;21.934384
545;4497;0.0003;0.2047;0.5018;0.8255;21.934388
545;4498;0.0003;0.2045;0.5022;0.8294;21.934392
545;4499;0.0003;0.2041;0.5021;0.8332;21.934396
545;4500;0.0003;0.2037;0.5019;0.8332;21.934400
545;4501;0.0003;0.2032;0.5017;0.8371;21.934404
545;4502;0.0003;0.2029;0.5018;0.8430;21.934408
545;4503;0.0003;0.2027;0.5021;0.8507;21.934412
545;4504;0.0003;0.2022;0.5018;0.8604;21.934416
545;4505;0.0003;0.2019;0.5019;0.8663;21.934420
545;4506;0.0003;0.2015;0.5019;0.8682;21.934424
545;4507;0.0003;0.2011;0.5018;0.8682;21.934428
545;4508;0.0003;0.2008;0.5019;0.8663;21.934432
545;4509;0.0003;0.2005;0.5020;0.8663;21.934436
545;4510;0.0003;0.2001;0.5019;0.8643;21.934440
545;4511;0.0003;0.1998;0.5020;0.8624;21.934444
545;4512;0.0003;0.1994;0.5019;0.8624;21.934448
545;4513;0.0003;0.1988;0.5014;0.8656;21.934452
545;4514;0.0003;0.1984;0.5012;0.8637;21.934456
545;4515;0.0003;0.1981;0.5015;0.8637;21.934460
545;4516;0.0003;0.1980;0.5020;0.8617;21.934464
545;4517;0.0003;0.1976;0.5021;0.8637;21.934468
545;4518;0.0003;0.1973;0.5020;0.8676;21.934472
545;4519;0.0003;0.1968;0.5017;0.8793;21.934476
545;4520;0.0003;0.1963;0.5014;0.8890;21.934480
545;4521;0.0003;0.1960;0.5014;0.8988;21.934484
545;4522;0.0003;0.1956;0.5014;0.9085;21.934488
545;4523;0.0003;0.1953;0.5015;0.9066;21.934492
545;4524;0.0003;0.1950;0.5017;0.9027;21.934496
545;4525;0.0003;0.1947;0.5018;0.8968;21.934500
545;4526;0.0003;0.1943;0.5017;0.8929;21.934504
545;4527;0.0003;0.1940;0.5018;0.8890;21.934508
545;4528;0.0003;0.1937;0.5019;0.8851;21.934512
545;4529;0.0003;0.1934;0.5020;0.8832;21.934516
545;4530;0.0003;0.1930;0.5020;0.8812;21.934520
545;4531;0.0003;0.1926;0.5018;0.8851;21.934524
545;4532;0.0003;0.1922;0.5017;0.8910;21.934528
545;4533;0.0003;0.1919;0.5019;0.8949;21.934532
545;4534;0.0003;0.1916;0.5020;0.8988;21.934536
545;4535;0.0003;0.1911;0.5017;0.9046;21.934540
545;4536;0.0003;0.1907;0.5016;0.9105;21.934544
545;4537;0.0003;0.1903;0.5015;0.9144;21.934548
545;4538;0.0003;0.1900;0.5014;0.9183;21.934552
545;4539;0.0003;0.1896;0.5013;0.9261;21.934556
545;4540;0.0003;0.1892;0.5014;0.9319;21.934560
545;4541;0.0003;0.1889;0.5013;0.9339;21.934564
545;4542;0.0003;0.1885;0.5014;0.9300;21.934568
545;4543;0.0003;0.1882;0.5013;0.9280;21.934572
545;4544;0.0003;0.1878;0.5013;0.9280;21.934576
545;4545;0.0003;0.1875;0.5014;0.9319;21.934580
545;4546;0.0003;0.1872;0.5017;0.9339;21.934584
545;4547;0.0003;0.1868;0.5015;0.9319;21.934588
545;4548;0.0003;0.1864;0.5013;0.9319;21.934592
545;4549;0.0003;0.1861;0.5016;0.9377;21.934596
545;4550;0.0003;0.1858;0.5015;0.9475;21.934600
545;4551;0.0003;0.1854;0.5014;0.9592;21.934604
545;4552;0.0003;0.1851;0.5015;0.9650;21.934608
545;4553;0.0003;0.1847;0.5016;0.9650;21.934612
545;4554;0.0003;0.1845;0.5018;0.9592;21.934616
545;4555;0.0003;0.1842;0.5019;0.9533;21.934620
545;4556;0.0003;0.1837;0.5015;0.9514;21.934624
545;4557;0.0003;0.1833;0.5013;0.9553;21.934628
545;4558;0.0003;0.1828;0.5011;0.9611;21.934632
545;4559;0.0003;0.1825;0.5010;0.9631;21.934636
545;4560;0.0003;0.1821;0.5010;0.9631;21.934640
545;4561;0.0003;0.1818;0.5011;0.9631;21.934644
545;4562;0.0003;0.1815;0.5012;0.9650;21.934648
545;4563;0.0003;0.1811;0.5012;0.9631;21.934652
545;4564;0.0003;0.1808;0.5013;0.9650;21.934656
545;4565;0.0003;0.1806;0.5016;0.9709;21.934660
545;4566;0.0003;0.1802;0.5015;0.9748;21.934664
545;4567;0.0003;0.1798;0.5014;0.9806;21.934668
545;4568;0.0003;0.1796;0.5017;0.9884;21.934672
545;4569;0.0003;0.1791;0.5015;0.9982;21.934676
545;4570;0.0003;0.1788;0.5015;1.0021;21.934680
545;4571;0.0003;0.1786;0.5019;1.0021;21.934684
545;4572;0.0003;0.1783;0.5020;0.9982;21.934688
545;4573;0.0003;0.1779;0.5018;0.9962;21.934692
545;4574;0.0003;0.1774;0.5015;0.9962;21.934696
545;4575;0.0003;0.1770;0.5015;0.9943;21.934700
545;4576;0.0003;0.1767;0.5015;0.9923;21.934704
545;4577;0.0003;0.1763;0.5014;0.9943;21.934708
545;4578;0.0003;0.1760;0.5013;0.9962;21.934712
545;4579;0.0003;0.1757;0.5014;0.9982;21.934716
545;4580;0.0003;0.1753;0.5013;1.0021;21.934720
545;4581;0.0003;0.1751;0.5016;1.0040;21.934724
545;4582;0.0003;0.1747;0.5017;1.0060;21.934728
545;4583;0.0003;0.1743;0.5014;1.0079;21.934732
545;4584;0.0003;0.1738;0.5011;1.0118;21.934736
545;4585;0.0003;0.1735;0.5012;1.0177;21.934740
545;4586;0.0003;0.1732;0.5013;1.0216;21.934744
545;4587;0.0003;0.1728;0.5011;1.0216;21.934748
545;4588;0.0003;0.1724;0.5011;1.0259;21.934752
545;4589;0.0003;0.1722;0.5013;1.0216;21.934756
545;4590;0.0003;0.1719;0.5015;1.0235;21.934760
545;4591;0.0003;0.1716;0.5017;1.0255;21.934764
545;4592;0.0003;0.1713;0.5017;1.0294;21.934768
545;4593;0.0003;0.1709;0.5016;1.0317;21.934772
545;4594;0.0003;0.1706;0.5017;1.0415;21.934776
545;4595;0.0003;0.1702;0.5016;1.0670;21.934780
545;4596;0.0003;0.1698;0.5014;1.0983;21.934784
545;4597;0.0003;0.1694;0.5013;1.1238;21.934788
545;4598;0.0003;0.1691;0.5014;1.1336;21.934792
545;4599;0.0003;0.1688;0.5015;1.1257;21.934796
545;4600;0.0003;0.1684;0.5013;1.1061;21.934800
545;4601;0.0003;0.1680;0.5011;1.0885;21.934804
545;4602;0.0003;0.1677;0.5012;1.0826;21.934808
545;4603;0.0003;0.1675;0.5016;1.0905;21.934812
545;4604;0.0003;0.1671;0.5016;1.1042;21.934816
545;4605;0.0003;0.1666;0.5011;1.1101;21.934820
545;4606;0.0003;0.1662;0.5009;1.1081;21.934824
545;4607;0.0003;0.1659;0.5010;1.1061;21.934828
545;4608;0.0003;0.1656;0.5011;1.1061;21.934832
545;4609;0.0003;0.1653;0.5012;1.1120;21.934836
545;4610;0.0003;0.1650;0.5013;1.1140;21.934840
545;4611;0.0003;0.1646;0.5013;1.1101;21.934844
545;4612;0.0003;0.1643;0.5012;1.1003;21.934848
545;4613;0.0003;0.1639;0.5013;1.0885;21.934852
545;4614;0.0003;0.1635;0.5011;1.0787;21.934856
545;4615;0.0003;0.1632;0.5012;1.0787;21.934860
545;4616;0.0003;0.1629;0.5011;1.0846;21.934864
545;4617;0.0003;0.1625;0.5010;1.0944;21.934868
545;4618;0.0003;0.1622;0.5010;1.1003;21.934872
545;4619;0.0003;0.1619;0.5011;1.1003;21.934876
545;4620;0.0003;0.1615;0.5012;1.1022;21.934880
545;4621;0.0003;0.1612;0.5011;1.1022;21.934884
545;4622;0.0003;0.1609;0.5012;1.1042;21.934888
545;4623;0.0003;0.1604;0.5009;1.1081;21.934892
545;4624;0.0003;0.1601;0.5008;1.1120;21.934896
545;4625;0.0003;0.1598;0.5011;1.1120;21.934900
545;4626;0.0003;0.1596;0.5014;1.1120;21.934904
545;4627;0.0003;0.1592;0.5013;1.1159;21.934908
545;4628;0.0003;0.1588;0.5012;1.1218;21.934912
545;4629;0.0003;0.1585;0.5012;1.1238;21.934916
545;4630;0.0003;0.1581;0.5009;1.1198;21.934920
545;4631;0.0003;0.1578;0.5010;1.1159;21.934924
545;4632;0.0003;0.1575;0.5013;1.1159;21.934928
545;4633;0.0003;0.1571;0.5010;1.1198;21.934932
545;4634;0.0003;0.1568;0.5010;1.1238;21.934936
545;4635;0.0003;0.1564;0.5009;1.1238;21.934940
545;4636;0.0003;0.1561;0.5012;1.1257;21.934944
545;4637;0.0003;0.1558;0.5013;1.1316;21.934948
545;4638;0.0003;0.1555;0.5014;1.1433;21.934952
545;4639;0.0003;0.1552;0.5013;1.1551;21.934956
545;4640;0.0003;0.1548;0.5012;1.1707;21.934960
545;4641;0.0003;0.1544;0.5011;1.1805;21.934964
545;4642;0.0003;0.1541;0.5011;1.1786;21.934968
545;4643;0.0003;0.1537;0.5008;1.1747;21.934972
545;4644;0.0003;0.1533;0.5008;1.1786;21.934976
545;4645;0.0003;0.1530;0.5008;1.1884;21.934980
545;4646;0.0003;0.1527;0.5008;1.2021;21.934984
545;4647;0.0003;0.1524;0.5010;1.2099;21.934988
545;4648;0.0003;0.1520;0.5008;1.2021;21.934992
545;4649;0.0003;0.1516;0.5007;1.1864;21.934996
545;4650;0.0003;0.1514;0.5010;1.1727;21.935000
545;4651;0.0003;0.1510;0.5009;1.1688;21.935004
545;4652;0.0003;0.1506;0.5007;1.1727;21.935008
545;4653;0.0003;0.1502;0.5006;1.1766;21.935012
545;4654;0.0003;0.1499;0.5007;1.1805;21.935016
545;4655;0.0003;0.1497;0.5010;1.1805;21.935020
545;4656;0.0003;0.1494;0.5011;1.1825;21.935024
545;4657;0.0003;0.1490;0.5008;1.1923;21.935028
545;4658;0.0003;0.1485;0.5004;1.2099;21.935032
545;4659;0.0003;0.1481;0.5003;1.2217;21.935036
545;4660;0.0003;0.1479;0.5008;1.2256;21.935040
545;4661;0.0003;0.1477;0.5010;1.2236;21.935044
545;4662;0.0003;0.1473;0.5010;1.2197;21.935048
545;4663;0.0003;0.1470;0.5011;1.2158;21.935052
545;4664;0.0003;0.1467;0.5013;1.2158;21.935056
545;4665;0.0003;0.1464;0.5012;1.2138;21.935060
545;4666;0.0003;0.1460;0.5011;1.2099;21.935064
545;4667;0.0003;0.1457;0.5010;1.2040;21.935068
545;4668;0.0003;0.1453;0.5009;1.1982;21.935072
545;4669;0.0003;0.1450;0.5010;1.2001;21.935076
545;4670;0.0003;0.1446;0.5008;1.2119;21.935080
545;4671;0.0003;0.1442;0.5007;1.2256;21.935084
545;4672;0.0003;0.1439;0.5006;1.2412;21.935088
545;4673;0.0003;0.1435;0.5005;1.2549;21.935092
545;4674;0.0003;0.1432;0.5006;1.2667;21.935096
545;4675;0.0003;0.1429;0.5007;1.2706;21.935100
545;4676;0.0003;0.1427;0.5010;1.2686;21.935104
545;4677;0.0003;0.1424;0.5011;1.2686;21.935108
545;4678;0.0003;0.1420;0.5010;1.2706;21.935112
545;4679;0.0003;0.1417;0.5010;1.2667;21.935116
545;4680;0.0003;0.1414;0.5010;1.2608;21.935120
545;4681;0.0003;0.1410;0.5009;1.2588;21.935124
545;4682;0.0003;0.1406;0.5008;1.2647;21.935128
545;4683;0.0003;0.1403;0.5009;1.2804;21.935132
545;4684;0.0003;0.1400;0.5008;1.3046;21.935136
545;4685;0.0003;0.1396;0.5008;1.3184;21.935140
545;4686;0.0003;0.1393;0.5007;1.3184;21.935144
545;4687;0.0003;0.1389;0.5006;1.3145;21.935148
545;4688;0.0003;0.1386;0.5006;1.3105;21.935152
545;4689;0.0003;0.1383;0.5007;1.3066;21.935156
545;4690;0.0003;0.1379;0.5005;1.3027;21.935160
545;4691;0.0003;0.1375;0.5004;1.2988;21.935164
545;4692;0.0003;0.1372;0.5005;1.2988;21.935168
545;4693;0.0003;0.1369;0.5006;1.2988;21.935172
545;4694;0.0003;0.1367;0.5009;1.2929;21.935176
545;4695;0.0003;0.1364;0.5012;1.2870;21.935180
545;4696;0.0003;0.1361;0.5011;1.2830;21.935184
545;4697;0.0003;0.1357;0.5007;1.2850;21.935188
545;4698;0.0003;0.1353;0.5008;1.2909;21.935192
545;4699;0.0003;0.1351;0.5011;1.2948;21.935196
545;4700;0.0003;0.1347;0.5009;1.2968;21.935200
545;4701;0.0003;0.1343;0.5006;1.3027;21.935204
545;4702;0.0003;0.1339;0.5005;1.3184;21.935208
545;4703;0.0003;0.1336;0.5006;1.3380;21.935212
545;4704;0.0003;0.1333;0.5008;1.3577;21.935216
545;4705;0.0003;0.1331;0.5011;1.3656;21.935220
545;4706;0.0003;0.1329;0.5014;1.3597;21.935224
545;4707;0.0003;0.1324;0.5011;1.3479;21.935228
545;4708;0.0003;0.1321;0.5010;1.3400;21.935232
545;4709;0.0003;0.1317;0.5010;1.3439;21.935236
545;4710;0.0003;0.1313;0.5007;1.3597;21.935240
545;4711;0.0003;0.1310;0.5004;1.3773;21.935244
545;4712;0.0003;0.1306;0.5004;1.3911;21.935248
545;4713;0.0003;0.1303;0.5005;1.3950;21.935252
545;4714;0.0003;0.1299;0.5002;1.3970;21.935256
545;4715;0.0003;0.1296;0.5003;1.3990;21.935260
545;4716;0.0003;0.1292;0.5002;1.4009;21.935264
545;4717;0.0003;0.1289;0.5002;1.4029;21.935268
545;4718;0.0003;0.1287;0.5007;1.4147;21.935272
545;4719;0.0003;0.1284;0.5006;1.4245;21.935276
545;4720;0.0003;0.1281;0.5007;1.4265;21.935280
545;4721;0.0003;0.1277;0.5006;1.4225;21.935284
545;4722;0.0003;0.1273;0.5004;1.4265;21.935288
545;4723;0.0003;0.1269;0.5000;1.4422;21.935292
545;4724;0.0003;0.1266;0.5001;1.4618;21.935296
545;4725;0.0003;0.1264;0.5004;1.4736;21.935300
545;4726;0.0003;0.1260;0.5003;1.4775;21.935304
545;4727;0.0003;0.1257;0.5003;1.4815;21.935308
545;4728;0.0003;0.1254;0.5004;1.4834;21.935312
545;4729;0.0003;0.1251;0.5005;1.4834;21.935316
545;4730;0.0003;0.1248;0.5006;1.4775;21.935320
545;4731;0.0003;0.1244;0.5005;1.4756;21.935324
545;4732;0.0003;0.1241;0.5005;1.4775;21.935328
545;4733;0.0003;0.1238;0.5005;1.4834;21.935332
545;4734;0.0003;0.1234;0.5002;1.4972;21.935336
545;4735;0.0003;0.1230;0.5001;1.5168;21.935340
545;4736;0.0003;0.1226;0.4999;1.5306;21.935344
545;4737;0.0003;0.1223;0.4999;1.5267;21.935348
545;4738;0.0003;0.1221;0.5002;1.5149;21.935352
545;4739;0.0003;0.1218;0.5003;1.5031;21.935356
545;4740;0.0003;0.1215;0.5004;1.4913;21.935360
545;4741;0.0003;0.1212;0.5005;1.4834;21.935364
545;4742;0.0003;0.1209;0.5008;1.4795;21.935368
545;4743;0.0003;0.1206;0.5007;1.4795;21.935372
545;4744;0.0003;0.1202;0.5005;1.4834;21.935376
545;4745;0.0003;0.1198;0.5001;1.4913;21.935380
545;4746;0.0003;0.1195;0.5002;1.4992;21.935384
545;4747;0.0003;0.1193;0.5007;1.5070;21.935388
545;4748;0.0003;0.1190;0.5008;1.5188;21.935392
545;4749;0.0003;0.1186;0.5004;1.5286;21.935396
545;4750;0.0003;0.1182;0.5002;1.5306;21.935400
545;4751;0.0003;0.1178;0.5001;1.5286;21.935404
545;4752;0.0003;0.1175;0.5002;1.5247;21.935408
545;4753;0.0003;0.1172;0.5000;1.5306;21.935412
545;4754;0.0003;0.1168;0.5000;1.5542;21.935416
545;4755;0.0003;0.1165;0.4999;1.5778;21.935420
545;4756;0.0003;0.1162;0.5002;1.5876;21.935424
545;4757;0.0003;0.1159;0.5002;1.5797;21.935428
545;4758;0.0003;0.1155;0.4999;1.5620;21.935432
545;4759;0.0003;0.1151;0.4995;1.5561;21.935436
545;4760;0.0003;0.1147;0.4992;1.5620;21.935440
545;4761;0.0003;0.1144;0.4993;1.5719;21.935444
545;4762;0.0003;0.1141;0.4995;1.5915;21.935448
545;4763;0.0003;0.1139;0.5000;1.6171;21.935452
545;4764;0.0003;0.1136;0.5001;1.6387;21.935456
545;4765;0.0003;0.1133;0.5001;1.6485;21.935460
545;4766;0.0003;0.1129;0.4998;1.6465;21.935464
545;4767;0.0003;0.1125;0.4996;1.6367;21.935468
545;4768;0.0003;0.1122;0.4994;1.6249;21.935472
545;4769;0.0003;0.1119;0.4995;1.6171;21.935476
545;4770;0.0003;0.1115;0.4994;1.6092;21.935480
545;4771;0.0003;0.1113;0.4999;1.6033;21.935484
545;4772;0.0003;0.1110;0.4999;1.6013;21.935488
545;4773;0.0003;0.1107;0.5000;1.6033;21.935492
545;4774;0.0003;0.1104;0.4999;1.6033;21.935496
545;4775;0.0003;0.1100;0.4999;1.5994;21.935500
545;4776;0.0003;0.1097;0.5000;1.5954;21.935504
545;4777;0.0003;0.1094;0.5001;1.5954;21.935508
545;4778;0.0003;0.1091;0.5001;1.6033;21.935512
545;4779;0.0003;0.1088;0.5002;1.6210;21.935516
545;4780;0.0003;0.1084;0.4999;1.6446;21.935520
545;4781;0.0003;0.1081;0.4997;1.6544;21.935524
545;4782;0.0003;0.1077;0.4995;1.6563;21.935528
545;4783;0.0003;0.1073;0.4994;1.6583;21.935532
545;4784;0.0003;0.1070;0.4995;1.6642;21.935536
545;4785;0.0003;0.1067;0.4995;1.6721;21.935540
545;4786;0.0003;0.1064;0.4994;1.6839;21.935544
545;4787;0.0003;0.1061;0.4995;1.6937;21.935548
545;4788;0.0003;0.1058;0.4994;1.6996;21.935552
545;4789;0.0003;0.1054;0.4993;1.7114;21.935556
545;4790;0.0003;0.1050;0.4992;1.7232;21.935560
545;4791;0.0003;0.1047;0.4992;1.7212;21.935564
545;4792;0.0003;0.1045;0.4993;1.7114;21.935568
545;4793;0.0003;0.1041;0.4994;1.7055;21.935572
545;4794;0.0003;0.1038;0.4992;1.7056;21.935576
545;4795;0.0003;0.1035;0.4992;1.6938;21.935580
545;4796;0.0003;0.1031;0.4989;1.6799;21.935584
545;4797;0.0003;0.1028;0.4989;1.6740;21.935588
545;4798;0.0003;0.1024;0.4988;1.6740;21.935592
545;4799;0.0003;0.1021;0.4988;1.6839;21.935596
545;4800;0.0003;0.1017;0.4986;1.7095;21.935600
545;4801;0.0003;0.1014;0.4987;1.7352;21.935604
545;4802;0.0003;0.1011;0.4987;1.7549;21.935608
545;4803;0.0003;0.1008;0.4988;1.7628;21.935612
545;4804;0.0003;0.1005;0.4987;1.7588;21.935616
545;4805;0.0003;0.1002;0.4991;1.7391;21.935620
545;4806;0.0003;0.1000;0.4992;1.7154;21.935624
545;4807;0.0003;0.0996;0.4990;1.7056;21.935628
545;4808;0.0003;0.0992;0.4987;1.7174;21.935632
545;4809;0.0003;0.0989;0.4985;1.7371;21.935636
545;4810;0.0003;0.0985;0.4983;1.7470;21.935640
545;4811;0.0003;0.0982;0.4981;1.7470;21.935644
545;4812;0.0003;0.0978;0.4980;1.7411;21.935648
545;4813;0.0003;0.0975;0.4980;1.7312;21.935652
545;4814;0.0003;0.0972;0.4981;1.7253;21.935656
545;4815;0.0003;0.0969;0.4980;1.7233;21.935660
545;4816;0.0003;0.0965;0.4980;1.7253;21.935664
545;4817;0.0003;0.0963;0.4981;1.7352;21.935668
545;4818;0.0003;0.0959;0.4981;1.7490;21.935672
545;4819;0.0003;0.0956;0.4980;1.7568;21.935676
545;4820;0.0003;0.0953;0.4981;1.7549;21.935680
545;4821;0.0003;0.0949;0.4976;1.7371;21.935684
545;4822;0.0003;0.0945;0.4973;1.7214;21.935688
545;4823;0.0003;0.0942;0.4974;1.7253;21.935692
545;4824;0.0003;0.0940;0.4978;1.7430;21.935696
545;4825;0.0003;0.0937;0.4981;1.7549;21.935700
545;4826;0.0003;0.0934;0.4981;1.7568;21.935704
545;4827;0.0003;0.0931;0.4980;1.7549;21.935708
545;4828;0.0003;0.0927;0.4978;1.7549;21.935712
545;4829;0.0003;0.0923;0.4974;1.7509;21.935716
545;4830;0.0003;0.0920;0.4973;1.7391;21.935720
545;4831;0.0003;0.0917;0.4973;1.7273;21.935724
545;4832;0.0003;0.0913;0.4972;1.7292;21.935728
545;4833;0.0003;0.0910;0.4971;1.7391;21.935732
545;4834;0.0003;0.0907;0.4972;1.7490;21.935736
545;4835;0.0003;0.0904;0.4972;1.7628;21.935740
545;4836;0.0003;0.0900;0.4971;1.7667;21.935744
545;4837;0.0003;0.0898;0.4972;1.7549;21.935748
545;4838;0.0003;0.0894;0.4970;1.7352;21.935752
545;4839;0.0003;0.0891;0.4968;1.7154;21.935756
545;4840;0.0003;0.0887;0.4964;1.6977;21.935760
545;4841;0.0003;0.0882;0.4958;1.6819;21.935764
545;4842;0.0003;0.0878;0.4950;1.6701;21.935768
545;4843;0.0003;0.0873;0.4940;1.6445;21.935772
545;4844;0.0003;0.0868;0.4927;1.5735;21.935776
545;4845;0.0003;0.0863;0.4917;1.4543;21.935780
545;4846;0.0003;0.0858;0.4908;1.3039;21.935784
545;4847;0.0003;0.0853;0.4900;1.1634;21.935788
545;4848;0.0003;0.0849;0.4894;1.0467;21.935792
545;4849;0.0002;0.0845;0.4888;0.9596;21.935796
545;4850;0.0002;0.0842;0.4886;0.9181;21.935800
545;4851;0.0002;0.0839;0.4886;0.9181;21.935804
545;4852;0.0002;0.0836;0.4885;0.9418;21.935808
545;4853;0.0002;0.0832;0.4884;0.9695;21.935812
545;4854;0.0002;0.0830;0.4886;0.9834;21.935816
545;4855;0.0002;0.0827;0.4889;0.9755;21.935820
545;4856;0.0002;0.0823;0.4885;0.9497;21.935824
545;4857;0.0002;0.0819;0.4881;0.9141;21.935828
545;4858;0.0002;0.0816;0.4879;0.8805;21.935832
545;4859;0.0002;0.0814;0.4884;0.8567;21.935836
545;4860;0.0002;0.0811;0.4884;0.8528;21.935840
545;4861;0.0002;0.0807;0.4880;0.8785;21.935844
545;4862;0.0002;0.0804;0.4880;0.9201;21.935848
545;4863;0.0002;0.0801;0.4882;0.9576;21.935852
545;4864;0.0002;0.0799;0.4888;0.9735;21.935856
545;4865;0.0002;0.0796;0.4890;0.9715;21.935860
545;4866;0.0002;0.0792;0.4885;0.9656;21.935864
545;4867;0.0002;0.0789;0.4881;0.9537;21.935868
545;4868;0.0002;0.0786;0.4883;0.9260;21.935872
545;4869;0.0002;0.0783;0.4885;0.8884;21.935876
545;4870;0.0002;0.0780;0.4882;0.8528;21.935880
545;4871;0.0002;0.0776;0.4881;0.8211;21.935884
545;4872;0.0002;0.0773;0.4878;0.8053;21.935888
545;4873;0.0002;0.0770;0.4879;0.7994;21.935892
545;4874;0.0002;0.0767;0.4882;0.7974;21.935896
545;4875;0.0002;0.0764;0.4884;0.7974;21.935900
545;4876;0.0002;0.0761;0.4881;0.7914;21.935904
545;4877;0.0002;0.0757;0.4878;0.7776;21.935908
545;4878;0.0002;0.0755;0.4881;0.7618;21.935912
545;4879;0.0002;0.0751;0.4879;0.7558;21.935916
545;4880;0.0002;0.0748;0.4878;0.7558;21.935920
545;4881;0.0002;0.0745;0.4878;0.7637;21.935924
545;4882;0.0002;0.0743;0.4881;0.7815;21.935928
545;4883;0.0002;0.0739;0.4877;0.8092;21.935932
545;4884;0.0002;0.0736;0.4878;0.8508;21.935936
545;4885;0.0002;0.0733;0.4878;0.9062;21.935940
545;4886;0.0002;0.0730;0.4881;0.9933;21.935944
545;4887;0.0002;0.0728;0.4883;1.1417;21.935948
545;4888;0.0002;0.0725;0.4885;1.3890;21.935952
545;4889;0.0002;0.0723;0.4893;1.8045;21.935956
545;4890;0.0002;0.0721;0.4898;2.4456;21.935960
545;4891;0.0002;0.0718;0.4899;3.2627;21.935964
545;4892;0.0002;0.0715;0.4902;4.1610;21.935968
545;4893;0.0002;0.0713;0.4906;5.0929;21.935972
545;4894;0.0002;0.0710;0.4909;6.0644;21.935976
545;4895;0.0002;0.0707;0.4910;6.9429;21.935980
545;4896;0.0002;0.0704;0.4914;7.4949;21.935984
545;4897;0.0002;0.0702;0.4917;7.7977;21.935988
545;4898;0.0002;0.0699;0.4921;7.9025;21.935992
545;4899;0.0002;0.0696;0.4921;7.7680;21.935996
545;4900;0.0002;0.0693;0.4919;7.3960;21.936000
545;4901;0.0002;0.0689;0.4916;6.8559;21.936004
545;4902;0.0002;0.0686;0.4913;6.2069;21.936008
545;4903;0.0002;0.0683;0.4911;5.3244;21.936012
545;4904;0.0002;0.0679;0.4905;4.1768;21.936016
545;4905;0.0002;0.0675;0.4899;3.0372;21.936020
545;4906;0.0002;0.0670;0.4889;2.2378;21.936024
545;4907;0.0002;0.0667;0.4886;1.8124;21.936028
545;4908;0.0002;0.0663;0.4880;1.5809;21.936032
545;4909;0.0002;0.0659;0.4876;1.4464;21.936036
545;4910;0.0002;0.0656;0.4876;1.3830;21.936040
545;4911;0.0002;0.0654;0.4881;1.3712;21.936044
545;4912;0.0002;0.0651;0.4881;1.4187;21.936048
545;4913;0.0002;0.0648;0.4881;1.5354;21.936052
545;4914;0.0002;0.0645;0.4882;1.7234;21.936056
545;4915;0.0002;0.0642;0.4882;1.9390;21.936060
545;4916;0.0002;0.0639;0.4882;2.1270;21.936064
545;4917;0.0002;0.0636;0.4882;2.2378;21.936068
545;4918;0.0002;0.0632;0.4880;2.2398;21.936072
545;4919;0.0002;0.0629;0.4882;2.1389;21.936076
545;4920;0.0002;0.0626;0.4880;1.9727;21.936080
545;4921;0.0002;0.0623;0.4880;1.7906;21.936084
545;4922;0.0002;0.0620;0.4879;1.6145;21.936088
545;4923;0.0002;0.0617;0.4876;1.4701;21.936092
545;4924;0.0002;0.0614;0.4877;1.3791;21.936096
545;4925;0.0002;0.0611;0.4879;1.3415;21.936100
545;4926;0.0002;0.0608;0.4879;1.3276;21.936104
545;4927;0.0002;0.0605;0.4879;1.3257;21.936108
545;4928;0.0002;0.0602;0.4880;1.3257;21.936112
545;4929;0.0002;0.0599;0.4882;1.3237;21.936116
545;4930;0.0002;0.0596;0.4885;1.3217;21.936120
545;4931;0.0002;0.0593;0.4885;1.3177;21.936124
545;4932;0.0002;0.0590;0.4883;1.3079;21.936128
545;4933;0.0002;0.0587;0.4884;1.2861;21.936132
545;4934;0.0002;0.0584;0.4886;1.2683;21.936136
545;4935;0.0002;0.0582;0.4888;1.2821;21.936140
545;4936;0.0002;0.0579;0.4891;1.3217;21.936144
545;4937;0.0002;0.0576;0.4894;1.3712;21.936148
545;4938;0.0002;0.0574;0.4897;1.4107;21.936152
545;4939;0.0002;0.0570;0.4896;1.4286;21.936156
545;4940;0.0002;0.0567;0.4894;1.4345;21.936160
545;4941;0.0002;0.0564;0.4897;1.4404;21.936164
545;4942;0.0002;0.0562;0.4902;1.4365;21.936168
545;4943;0.0002;0.0559;0.4902;1.4206;21.936172
545;4944;0.0002;0.0556;0.4900;1.4048;21.936176
545;4945;0.0002;0.0552;0.4896;1.3949;21.936180
545;4946;0.0002;0.0549;0.4896;1.3850;21.936184
545;4947;0.0002;0.0546;0.4896;1.3732;21.936188
545;4948;0.0002;0.0543;0.4891;1.3514;21.936192
545;4949;0.0002;0.0539;0.4886;1.3257;21.936196
545;4950;0.0002;0.0535;0.4883;1.3079;21.936200
545;4951;0.0002;0.0532;0.4878;1.3079;21.936204
545;4952;0.0002;0.0528;0.4874;1.3296;21.936208
545;4953;0.0002;0.0526;0.4875;1.3652;21.936212
545;4954;0.0002;0.0522;0.4874;1.3989;21.936216
545;4955;0.0002;0.0519;0.4873;1.4325;21.936220
545;4956;0.0002;0.0516;0.4872;1.4592;21.936224
545;4957;0.0002;0.0513;0.4867;1.4612;21.936228
545;4958;0.0002;0.0509;0.4865;1.4533;21.936232
545;4959;0.0002;0.0507;0.4869;1.4413;21.936236
545;4960;0.0002;0.0504;0.4869;1.4453;21.936240
545;4961;0.0002;0.0501;0.4868;1.4672;21.936244
545;4962;0.0002;0.0498;0.4870;1.4969;21.936248
545;4963;0.0002;0.0495;0.4870;1.5247;21.936252
545;4964;0.0002;0.0492;0.4869;1.5505;21.936256
545;4965;0.0002;0.0488;0.4867;1.5585;21.936260
545;4966;0.0002;0.0485;0.4864;1.5605;21.936264
545;4967;0.0002;0.0482;0.4864;1.5803;21.936268
545;4968;0.0002;0.0480;0.4870;1.6220;21.936272
545;4969;0.0002;0.0477;0.4874;1.6558;21.936276
545;4970;0.0002;0.0474;0.4872;1.6597;21.936280
545;4971;0.0002;0.0471;0.4871;1.6458;21.936284
545;4972;0.0002;0.0467;0.4870;1.6419;21.936288
545;4973;0.0002;0.0464;0.4868;1.6518;21.936292
545;4974;0.0002;0.0461;0.4865;1.6716;21.936296
545;4975;0.0002;0.0458;0.4866;1.6895;21.936300
545;4976;0.0002;0.0455;0.4866;1.7014;21.936304
545;4977;0.0002;0.0452;0.4864;1.7133;21.936308
545;4978;0.0002;0.0449;0.4862;1.7213;21.936312
545;4979;0.0002;0.0446;0.4863;1.7153;21.936316
545;4980;0.0002;0.0443;0.4865;1.6974;21.936320
545;4981;0.0002;0.0440;0.4865;1.6955;21.936324
545;4982;0.0002;0.0437;0.4863;1.7213;21.936328
545;4983;0.0002;0.0434;0.4862;1.7451;21.936332
545;4984;0.0002;0.0431;0.4861;1.7669;21.936336
545;4985;0.0002;0.0428;0.4862;1.7828;21.936340
545;4986;0.0002;0.0425;0.4864;1.7908;21.936344
545;4987;0.0002;0.0422;0.4862;1.8027;21.936348
545;4988;0.0002;0.0419;0.4860;1.8146;21.936352
545;4989;0.0002;0.0415;0.4860;1.8285;21.936356
545;4990;0.0002;0.0413;0.4862;1.8503;21.936360
545;4991;0.0002;0.0410;0.4864;1.8801;21.936364
545;4992;0.0002;0.0407;0.4864;1.9059;21.936368
545;4993;0.0002;0.0404;0.4863;1.9198;21.936372
545;4994;0.0002;0.0401;0.4861;1.9198;21.936376
545;4995;0.0002;0.0398;0.4862;1.9238;21.936380
545;4996;0.0002;0.0395;0.4860;1.9456;21.936384
545;4997;0.0002;0.0392;0.4862;1.9714;21.936388
545;4998;0.0002;0.0389;0.4862;1.9972;21.936392
545;4999;0.0002;0.0386;0.4865;2.0250;21.936396
545;5000;0.0002;0.0382;0.4861;2.0369;21.936400
545;5001;0.0002;0.0379;0.4859;2.0330;21.936404
545;5002;0.0002;0.0376;0.4859;2.0191;21.936408
545;5003;0.0002;0.0374;0.4862;2.0131;21.936412
545;5004;0.0002;0.0370;0.4860;2.0350;21.936416
545;5005;0.0002;0.0367;0.4860;2.0588;21.936420
545;5006;0.0002;0.0364;0.4859;2.0766;21.936424
545;5007;0.0002;0.0361;0.4860;2.0866;21.936428
545;5008;0.0002;0.0358;0.4860;2.1044;21.936432
545;5009;0.0002;0.0355;0.4858;2.1402;21.936436
545;5010;0.0002;0.0352;0.4860;2.1898;21.936440
545;5011;0.0002;0.0349;0.4859;2.2196;21.936444
545;5012;0.0002;0.0346;0.4861;2.2275;21.936448
545;5013;0.0002;0.0343;0.4860;2.2335;21.936452
545;5014;0.0002;0.0340;0.4858;2.2335;21.936456
545;5015;0.0002;0.0337;0.4854;2.2236;21.936460
545;5016;0.0002;0.0334;0.4854;2.2196;21.936464
545;5017;0.0002;0.0331;0.4853;2.2355;21.936468
545;5018;0.0002;0.0328;0.4853;2.2732;21.936472
545;5019;0.0002;0.0325;0.4852;2.2930;21.936476
545;5020;0.0002;0.0322;0.4852;2.2950;21.936480
545;5021;0.0002;0.0319;0.4853;2.3030;21.936484
545;5022;0.0002;0.0316;0.4854;2.3169;21.936488
545;5023;0.0002;0.0313;0.4853;2.3308;21.936492
545;5024;0.0002;0.0310;0.4853;2.3586;21.936496
545;5025;0.0002;0.0307;0.4851;2.3883;21.936500
545;5026;0.0002;0.0304;0.4847;2.4201;21.936504
545;5027;0.0002;0.0301;0.4847;2.4737;21.936508
545;5028;0.0002;0.0298;0.4847;2.5194;21.936512
545;5029;0.0002;0.0295;0.4848;2.5531;21.936516
545;5030;0.0002;0.0292;0.4848;2.6047;21.936520
545;5031;0.0002;0.0289;0.4848;2.6623;21.936524
545;5032;0.0002;0.0286;0.4849;2.6961;21.936528
545;5033;0.0002;0.0283;0.4848;2.7159;21.936532
545;5034;0.0002;0.0280;0.4846;2.7298;21.936536
545;5035;0.0002;0.0277;0.4844;2.7517;21.936540
545;5036;0.0002;0.0274;0.4846;2.7993;21.936544
545;5037;0.0002;0.0271;0.4848;2.8747;21.936548
545;5038;0.0002;0.0268;0.4849;2.9760;21.936552
545;5039;0.0002;0.0265;0.4850;3.0653;21.936556
545;5040;0.0002;0.0262;0.4849;3.1110;21.936560
545;5041;0.0002;0.0259;0.4848;3.1428;21.936564
545;5042;0.0002;0.0256;0.4844;3.1686;21.936568
545;5043;0.0002;0.0253;0.4842;3.1447;21.936572
545;5044;0.0002;0.0250;0.4843;3.1070;21.936576
545;5045;0.0002;0.0247;0.4843;3.1209;21.936580
545;5046;0.0002;0.0244;0.4845;3.1725;21.936584
545;5047;0.0002;0.0241;0.4845;3.2242;21.936588
545;5048;0.0002;0.0238;0.4845;3.2559;21.936592
545;5049;0.0002;0.0235;0.4847;3.2897;21.936596
545;5050;0.0002;0.0232;0.4845;3.3254;21.936600
545;5051;0.0002;0.0229;0.4844;3.3750;21.936604
545;5052;0.0002;0.0226;0.4843;3.4525;21.936608
545;5053;0.0002;0.0223;0.4843;3.5279;21.936612
545;5054;0.0002;0.0220;0.4843;3.5954;21.936616
545;5055;0.0002;0.0217;0.4843;3.6431;21.936620
545;5056;0.0002;0.0214;0.4843;3.6530;21.936624
545;5057;0.0002;0.0211;0.4844;3.6570;21.936628
545;5058;0.0002;0.0208;0.4844;3.7026;21.936632
545;5059;0.0002;0.0205;0.4845;3.7483;21.936636
545;5060;0.0002;0.0202;0.4844;3.7463;21.936640
545;5061;0.0002;0.0199;0.4842;3.7642;21.936644
545;5062;0.0002;0.0196;0.4842;3.8297;21.936648
545;5063;0.0002;0.0193;0.4844;3.9031;21.936652
545;5064;0.0002;0.0190;0.4847;3.9607;21.936656
545;5065;0.0002;0.0187;0.4851;4.0302;21.936660
545;5066;0.0002;0.0184;0.4850;4.1334;21.936664
545;5067;0.0002;0.0182;0.4849;4.2188;21.936668
545;5068;0.0002;0.0178;0.4849;4.2883;21.936672
545;5069;0.0002;0.0176;0.4851;4.3776;21.936676
545;5070;0.0002;0.0173;0.4851;4.4829;21.936680
545;5071;0.0002;0.0170;0.4851;4.6000;21.936684
545;5072;0.0002;0.0167;0.4849;4.6595;21.936688
545;5073;0.0002;0.0164;0.4849;4.6198;21.936692
545;5074;0.0002;0.0161;0.4849;4.5920;21.936696
545;5075;0.0002;0.0158;0.4847;4.6179;21.936700
545;5076;0.0002;0.0155;0.4847;4.6417;21.936704
545;5077;0.0002;0.0152;0.4848;4.6496;21.936708
545;5078;0.0002;0.0149;0.4848;4.6993;21.936712
545;5079;0.0002;0.0146;0.4848;4.7787;21.936716
545;5080;0.0002;0.0143;0.4848;4.7926;21.936720
545;5081;0.0002;0.0140;0.4846;4.7787;21.936724
545;5082;0.0002;0.0137;0.4845;4.8462;21.936728
545;5083;0.0002;0.0134;0.4846;4.9871;21.936732
545;5084;0.0002;0.0131;0.4847;5.0923;21.936736
545;5085;0.0002;0.0128;0.4847;5.1062;21.936740
545;5086;0.0002;0.0125;0.4847;5.0725;21.936744
545;5087;0.0002;0.0122;0.4845;4.9891;21.936748
545;5088;0.0002;0.0119;0.4843;4.9653;21.936752
545;5089;0.0002;0.0116;0.4843;5.0884;21.936756
545;5090;0.0002;0.0113;0.4841;5.2929;21.936760
545;5091;0.0002;0.0110;0.4841;5.4259;21.936764
545;5092;0.0002;0.0107;0.4841;5.4398;21.936768
545;5093;0.0002;0.0104;0.4843;5.4497;21.936772
545;5094;0.0002;0.0101;0.4839;5.5053;21.936776
545;5095;0.0002;0.0098;0.4839;5.5510;21.936780
545;5096;0.0002;0.0095;0.4839;5.5768;21.936784
545;5097;0.0002;0.0092;0.4839;5.5668;21.936788
545;5098;0.0002;0.0089;0.4839;5.5529;21.936792
545;5099;0.0002;0.0086;0.4839;5.5926;21.936796
545;5100;0.0002;0.0083;0.4839;5.5907;21.936800
545;5101;0.0002;0.0080;0.4838;5.4894;21.936804
545;5102;0.0002;0.0077;0.4836;5.3624;21.936808
545;5103;0.0002;0.0074;0.4836;5.3405;21.936812
545;5104;0.0002;0.0071;0.4839;5.4160;21.936816
545;5105;0.0002;0.0068;0.4838;5.5271;21.936820
545;5106;0.0002;0.0065;0.4839;5.7058;21.936824
545;5107;0.0002;0.0062;0.4840;5.9024;21.936828
545;5108;0.0002;0.0059;0.4840;5.9937;21.936832
545;5109;0.0002;0.0056;0.4840;6.0334;21.936836
545;5110;0.0002;0.0053;0.4839;5.9917;21.936840
545;5111;0.0002;0.0050;0.4835;5.9659;21.936844
545;5112;0.0002;0.0047;0.4833;6.1227;21.936848
545;5113;0.0002;0.0044;0.4834;6.2955;21.936852
545;5114;0.0002;0.0041;0.4836;6.2974;21.936856
545;5115;0.0002;0.0038;0.4837;6.1466;21.936860
545;5116;0.0002;0.0035;0.4835;6.0751;21.936864
545;5117;0.0002;0.0032;0.4835;6.2101;21.936868
545;5118;0.0002;0.0029;0.4836;6.3491;21.936872
545;5119;0.0002;0.0027;0.4836;6.3709;21.936876
545;5120;0.0002;0.0023;0.4834;6.3570;21.936880
545;5121;0.0002;0.0021;0.4834;6.3967;21.936884
545;5122;0.0002;0.0017;0.4834;6.5257;21.936888
545;5123;0.0002;0.0015;0.4834;6.6647;21.936892
545;5124;0.0002;0.0012;0.4834;6.7421;21.936896
545;5125;0.0002;0.0009;0.4834;6.6806;21.936900
545;5126;0.0001;0.0006;0.4834;6.5893;21.936904
545;5127;0.0000;0.0003;0.4834;6.6290;21.936908
545;5128;0.0000;0.0000;0.4836;6.7680;21.936912
545;5129;0.0000;-0.0003;0.4834;6.8255;21.936916
545;5130;0.0002;-0.0006;0.4834;6.8672;21.936920
545;5131;0.0002;-0.0009;0.4834;6.9169;21.936924
545;5132;0.0002;-0.0012;0.4834;6.8772;21.936928
545;5133;0.0002;-0.0015;0.4836;6.9089;21.936932
545;5134;0.0002;-0.0018;0.4836;7.0936;21.936936
545;5135;0.0002;-0.0021;0.4834;7.2067;21.936940
545;5136;0.0002;-0.0024;0.4834;7.2127;21.936944
545;5137;0.0002;-0.0027;0.4834;7.1154;21.936948
545;5138;0.0002;-0.0030;0.4832;6.9983;21.936952
545;5139;0.0002;-0.0033;0.4832;6.9427;21.936956
545;5140;0.0002;-0.0036;0.4832;6.9804;21.936960
545;5141;0.0002;-0.0039;0.4832;7.1134;21.936964
545;5142;0.0002;-0.0042;0.4832;7.1611;21.936968
545;5143;0.0002;-0.0045;0.4832;7.1352;21.936972
545;5144;0.0002;-0.0048;0.4832;7.1213;21.936976
545;5145;0.0002;-0.0051;0.4831;7.1074;21.936980
545;5146;0.0002;-0.0054;0.4832;7.1551;21.936984
545;5147;0.0002;-0.0057;0.4834;7.3377;21.936988
545;5148;0.0002;-0.0060;0.4836;7.5224;21.936992
545;5149;0.0002;-0.0063;0.4835;7.6058;21.936996
545;5150;0.0002;-0.0065;0.4834;7.6038;21.937000
545;5151;0.0002;-0.0069;0.4834;7.6038;21.937004
545;5152;0.0002;-0.0071;0.4834;7.6733;21.937008
545;5153;0.0002;-0.0074;0.4834;7.6792;21.937012
545;5154;0.0002;-0.0077;0.4832;7.5859;21.937016
545;5155;0.0002;-0.0080;0.4832;7.6554;21.937020
545;5156;0.0002;-0.0083;0.4832;7.8619;21.937024
545;5157;0.0002;-0.0086;0.4832;7.8877;21.937028
545;5158;0.0002;-0.0089;0.4830;7.6752;21.937032
545;5159;0.0002;-0.0092;0.4831;7.4847;21.937036
545;5160;0.0002;-0.0095;0.4830;7.4311;21.937040
545;5161;0.0002;-0.0098;0.4831;7.4588;21.937044
545;5162;0.0002;-0.0101;0.4831;7.5422;21.937048
545;5163;0.0002;-0.0104;0.4830;7.6752;21.937052
545;5164;0.0002;-0.0107;0.4830;7.6971;21.937056
545;5165;0.0002;-0.0110;0.4830;7.5978;21.937060
545;5166;0.0002;-0.0113;0.4832;7.6197;21.937064
545;5167;0.0002;-0.0116;0.4834;7.6693;21.937068
545;5168;0.0002;-0.0119;0.4831;7.5740;21.937072
545;5169;0.0002;-0.0122;0.4830;7.4847;21.937076
545;5170;0.0002;-0.0125;0.4830;7.4946;21.937080
545;5171;0.0002;-0.0128;0.4828;7.5998;21.937084
545;5172;0.0002;-0.0131;0.4829;7.6494;21.937088
545;5173;0.0002;-0.0134;0.4831;7.5899;21.937092
545;5174;0.0002;-0.0137;0.4834;7.5025;21.937096
545;5175;0.0002;-0.0140;0.4832;7.4072;21.937100
545;5176;0.0002;-0.0143;0.4829;7.3238;21.937104
545;5177;0.0002;-0.0146;0.4829;7.3973;21.937108
545;5178;0.0002;-0.0148;0.4829;7.5879;21.937112
545;5179;0.0002;-0.0152;0.4833;7.6514;21.937116
545;5180;0.0002;-0.0155;0.4832;7.5800;21.937120
545;5181;0.0002;-0.0158;0.4832;7.6276;21.937124
545;5182;0.0002;-0.0160;0.4834;7.7269;21.937128
545;5183;0.0002;-0.0163;0.4832;7.6296;21.937132
545;5184;0.0002;-0.0166;0.4830;7.5502;21.937136
545;5185;0.0002;-0.0169;0.4830;7.6614;21.937140
545;5186;0.0002;-0.0172;0.4830;7.8003;21.937144
545;5187;0.0002;-0.0175;0.4830;7.7328;21.937148
545;5188;0.0002;-0.0178;0.4830;7.6256;21.937152
545;5189;0.0002;-0.0181;0.4830;7.5998;21.937156
545;5190;0.0002;-0.0184;0.4831;7.6117;21.937160
545;5191;0.0002;-0.0187;0.4831;7.5879;21.937164
545;5192;0.0002;-0.0190;0.4832;7.4866;21.937168
545;5193;0.0002;-0.0193;0.4830;7.3358;21.937172
545;5194;0.0002;-0.0196;0.4830;7.2941;21.937176
545;5195;0.0002;-0.0199;0.4832;7.3913;21.937180
545;5196;0.0002;-0.0202;0.4832;7.5125;21.937184
545;5197;0.0002;-0.0205;0.4829;7.5879;21.937188
545;5198;0.0002;-0.0208;0.4828;7.5601;21.937192
545;5199;0.0002;-0.0211;0.4829;7.4370;21.937196
545;5200;0.0002;-0.0214;0.4831;7.2802;21.937200
545;5201;0.0002;-0.0217;0.4831;7.1253;21.937204
545;5202;0.0002;-0.0220;0.4831;7.0280;21.937208
545;5203;0.0002;-0.0223;0.4829;6.9824;21.937212
545;5204;0.0002;-0.0226;0.4827;6.9049;21.937216
545;5205;0.0002;-0.0228;0.4827;6.7421;21.937220
545;5206;0.0002;-0.0231;0.4826;6.6429;21.937224
545;5207;0.0002;-0.0235;0.4828;6.7024;21.937228
545;5208;0.0002;-0.0237;0.4828;6.8355;21.937232
545;5209;0.0002;-0.0241;0.4830;6.9347;21.937236
545;5210;0.0002;-0.0244;0.4832;6.9506;21.937240
545;5211;0.0002;-0.0247;0.4832;6.9506;21.937244
545;5212;0.0002;-0.0250;0.4831;6.9705;21.937248
545;5213;0.0002;-0.0252;0.4829;7.0082;21.937252
545;5214;0.0002;-0.0256;0.4831;7.1213;21.937256
545;5215;0.0002;-0.0259;0.4832;7.2385;21.937260
545;5216;0.0002;-0.0262;0.4832;7.2166;21.937264
545;5217;0.0002;-0.0264;0.4831;7.0161;21.937268
545;5218;0.0002;-0.0267;0.4829;6.8156;21.937272
545;5219;0.0002;-0.0270;0.4828;6.7441;21.937276
545;5220;0.0002;-0.0273;0.4830;6.6925;21.937280
545;5221;0.0002;-0.0276;0.4831;6.6111;21.937284
545;5222;0.0002;-0.0279;0.4830;6.5595;21.937288
545;5223;0.0002;-0.0282;0.4828;6.5575;21.937292
545;5224;0.0002;-0.0285;0.4828;6.6330;21.937296
545;5225;0.0002;-0.0288;0.4829;6.7521;21.937300
545;5226;0.0002;-0.0291;0.4830;6.8533;21.937304
545;5227;0.0002;-0.0294;0.4830;6.8732;21.937308
545;5228;0.0002;-0.0297;0.4829;6.7918;21.937312
545;5229;0.0002;-0.0300;0.4830;6.6806;21.937316
545;5230;0.0002;-0.0303;0.4831;6.6032;21.937320
545;5231;0.0002;-0.0306;0.4831;6.5019;21.937324
545;5232;0.0002;-0.0309;0.4829;6.4364;21.937328
545;5233;0.0002;-0.0312;0.4831;6.4880;21.937332
545;5234;0.0002;-0.0315;0.4831;6.5913;21.937336
545;5235;0.0002;-0.0318;0.4830;6.5833;21.937340
545;5236;0.0002;-0.0321;0.4832;6.5158;21.937344
545;5237;0.0002;-0.0324;0.4832;6.4622;21.937348
545;5238;0.0002;-0.0327;0.4832;6.3749;21.937352
545;5239;0.0002;-0.0330;0.4832;6.2696;21.937356
545;5240;0.0002;-0.0333;0.4830;6.1823;21.937360
545;5241;0.0002;-0.0336;0.4830;6.1585;21.937364
545;5242;0.0002;-0.0339;0.4830;6.1863;21.937368
545;5243;0.0002;-0.0342;0.4831;6.2280;21.937372
545;5244;0.0002;-0.0345;0.4831;6.2359;21.937376
545;5245;0.0002;-0.0348;0.4833;6.1843;21.937380
545;5246;0.0002;-0.0351;0.4833;6.1545;21.937384
545;5247;0.0002;-0.0354;0.4831;6.1505;21.937388
545;5248;0.0002;-0.0357;0.4831;6.1843;21.937392
545;5249;0.0002;-0.0360;0.4831;6.1882;21.937396
545;5250;0.0002;-0.0363;0.4832;6.1743;21.937400
545;5251;0.0002;-0.0366;0.4835;6.1366;21.937404
545;5252;0.0002;-0.0369;0.4833;6.0175;21.937408
545;5253;0.0002;-0.0372;0.4833;5.8885;21.937412
545;5254;0.0002;-0.0375;0.4831;5.8130;21.937416
545;5255;0.0002;-0.0378;0.4832;5.7892;21.937420
545;5256;0.0002;-0.0381;0.4832;5.7376;21.937424
545;5257;0.0002;-0.0384;0.4832;5.6899;21.937428
545;5258;0.0002;-0.0387;0.4831;5.6701;21.937432
545;5259;0.0002;-0.0390;0.4830;5.6463;21.937436
545;5260;0.0002;-0.0393;0.4831;5.6224;21.937440
545;5261;0.0002;-0.0396;0.4831;5.5926;21.937444
545;5262;0.0002;-0.0399;0.4831;5.5351;21.937448
545;5263;0.0002;-0.0401;0.4829;5.4596;21.937452
545;5264;0.0002;-0.0404;0.4829;5.3405;21.937456
545;5265;0.0002;-0.0407;0.4829;5.2313;21.937460
545;5266;0.0002;-0.0410;0.4830;5.2353;21.937464
545;5267;0.0002;-0.0413;0.4829;5.3326;21.937468
545;5268;0.0002;-0.0416;0.4831;5.4179;21.937472
545;5269;0.0002;-0.0419;0.4831;5.4537;21.937476
545;5270;0.0002;-0.0422;0.4830;5.4160;21.937480
545;5271;0.0002;-0.0426;0.4832;5.3207;21.937484
545;5272;0.0002;-0.0428;0.4830;5.2015;21.937488
545;5273;0.0002;-0.0431;0.4832;5.1221;21.937492
545;5274;0.0002;-0.0435;0.4833;5.1321;21.937496
545;5275;0.0002;-0.0437;0.4831;5.1460;21.937500
545;5276;0.0002;-0.0440;0.4831;5.0844;21.937504
545;5277;0.0002;-0.0443;0.4832;4.9971;21.937508
545;5278;0.0002;-0.0446;0.4831;4.9494;21.937512
545;5279;0.0002;-0.0449;0.4831;4.9494;21.937516
545;5280;0.0002;-0.0452;0.4831;4.9673;21.937520
545;5281;0.0002;-0.0455;0.4833;5.0070;21.937524
545;5282;0.0002;-0.0458;0.4832;5.0427;21.937528
545;5283;0.0002;-0.0461;0.4833;4.9712;21.937532
545;5284;0.0002;-0.0464;0.4833;4.8045;21.937536
545;5285;0.0002;-0.0467;0.4831;4.7112;21.937540
545;5286;0.0002;-0.0470;0.4831;4.7211;21.937544
545;5287;0.0002;-0.0473;0.4831;4.7668;21.937548
545;5288;0.0002;-0.0476;0.4831;4.7985;21.937552
545;5289;0.0002;-0.0479;0.4831;4.7588;21.937556
545;5290;0.0002;-0.0482;0.4833;4.6556;21.937560
545;5291;0.0002;-0.0485;0.4833;4.5623;21.937564
545;5292;0.0002;-0.0488;0.4830;4.5047;21.937568
545;5293;0.0002;-0.0491;0.4830;4.4610;21.937572
545;5294;0.0002;-0.0494;0.4830;4.4471;21.937576
545;5295;0.0002;-0.0497;0.4829;4.4948;21.937580
545;5296;0.0002;-0.0500;0.4829;4.5265;21.937584
545;5297;0.0002;-0.0503;0.4829;4.4829;21.937588
545;5298;0.0002;-0.0506;0.4830;4.3935;21.937592
545;5299;0.0002;-0.0509;0.4832;4.3220;21.937596
545;5300;0.0002;-0.0513;0.4834;4.3022;21.937600
545;5301;0.0002;-0.0515;0.4832;4.3141;21.937604
545;5302;0.0002;-0.0519;0.4833;4.3181;21.937608
545;5303;0.0002;-0.0521;0.4833;4.3101;21.937612
545;5304;0.0002;-0.0524;0.4831;4.3081;21.937616
545;5305;0.0002;-0.0527;0.4832;4.2923;21.937620
545;5306;0.0002;-0.0530;0.4832;4.2565;21.937624
545;5307;0.0002;-0.0533;0.4833;4.2029;21.937628
545;5308;0.0002;-0.0536;0.4831;4.1334;21.937632
545;5309;0.0002;-0.0539;0.4831;4.0739;21.937636
545;5310;0.0002;-0.0542;0.4832;4.0620;21.937640
545;5311;0.0002;-0.0545;0.4831;4.0937;21.937644
545;5312;0.0002;-0.0548;0.4830;4.1255;21.937648
545;5313;0.0002;-0.0551;0.4831;4.1136;21.937652
545;5314;0.0002;-0.0554;0.4832;4.0917;21.937656
545;5315;0.0002;-0.0558;0.4836;4.0778;21.937660
545;5316;0.0002;-0.0561;0.4837;3.9925;21.937664
545;5317;0.0002;-0.0563;0.4832;3.8237;21.937668
545;5318;0.0002;-0.0566;0.4832;3.6867;21.937672
545;5319;0.0002;-0.0569;0.4832;3.6371;21.937676
545;5320;0.0002;-0.0572;0.4831;3.6391;21.937680
545;5321;0.0002;-0.0575;0.4833;3.6530;21.937684
545;5322;0.0002;-0.0578;0.4832;3.6768;21.937688
545;5323;0.0002;-0.0581;0.4830;3.7086;21.937692
545;5324;0.0002;-0.0584;0.4828;3.7423;21.937696
545;5325;0.0002;-0.0587;0.4829;3.7622;21.937700
545;5326;0.0002;-0.0590;0.4831;3.7662;21.937704
545;5327;0.0002;-0.0594;0.4833;3.7602;21.937708
545;5328;0.0002;-0.0597;0.4834;3.7364;21.937712
545;5329;0.0002;-0.0600;0.4835;3.6927;21.937716
545;5330;0.0002;-0.0603;0.4834;3.6212;21.937720
545;5331;0.0002;-0.0606;0.4833;3.5478;21.937724
545;5332;0.0002;-0.0609;0.4833;3.5041;21.937728
545;5333;0.0002;-0.0612;0.4835;3.4942;21.937732
545;5334;0.0002;-0.0615;0.4835;3.4902;21.937736
545;5335;0.0002;-0.0618;0.4837;3.4445;21.937740
545;5336;0.0002;-0.0621;0.4834;3.3770;21.937744
545;5337;0.0002;-0.0624;0.4834;3.3453;21.937748
545;5338;0.0002;-0.0627;0.4833;3.3433;21.937752
545;5339;0.0002;-0.0630;0.4833;3.3294;21.937756
545;5340;0.0002;-0.0633;0.4835;3.3195;21.937760
545;5341;0.0002;-0.0636;0.4834;3.2996;21.937764
545;5342;0.0002;-0.0639;0.4834;3.2520;21.937768
545;5343;0.0002;-0.0642;0.4833;3.2063;21.937772
545;5344;0.0002;-0.0645;0.4833;3.2023;21.937776
545;5345;0.0002;-0.0648;0.4835;3.2182;21.937780
545;5346;0.0002;-0.0651;0.4834;3.2003;21.937784
545;5347;0.0002;-0.0654;0.4832;3.1487;21.937788
545;5348;0.0002;-0.0657;0.4832;3.1110;21.937792
545;5349;0.0002;-0.0660;0.4834;3.0892;21.937796
545;5350;0.0002;-0.0663;0.4835;3.0753;21.937800
545;5351;0.0002;-0.0666;0.4834;3.0455;21.937804
545;5352;0.0002;-0.0669;0.4834;2.9998;21.937808
545;5353;0.0002;-0.0672;0.4833;2.9621;21.937812
545;5354;0.0002;-0.0675;0.4835;2.9303;21.937816
545;5355;0.0002;-0.0678;0.4835;2.8906;21.937820
545;5356;0.0002;-0.0681;0.4834;2.8469;21.937824
545;5357;0.0002;-0.0685;0.4836;2.8112;21.937828
545;5358;0.0002;-0.0688;0.4835;2.7894;21.937832
545;5359;0.0002;-0.0691;0.4837;2.7834;21.937836
545;5360;0.0002;-0.0694;0.4836;2.7834;21.937840
545;5361;0.0002;-0.0697;0.4836;2.7775;21.937844
545;5362;0.0002;-0.0700;0.4836;2.7814;21.937848
545;5363;0.0002;-0.0703;0.4835;2.7914;21.937852
545;5364;0.0002;-0.0706;0.4835;2.7775;21.937856
545;5365;0.0002;-0.0709;0.4835;2.7397;21.937860
545;5366;0.0002;-0.0712;0.4834;2.7060;21.937864
545;5367;0.0002;-0.0714;0.4833;2.6961;21.937868
545;5368;0.0002;-0.0718;0.4834;2.7100;21.937872
545;5369;0.0002;-0.0721;0.4836;2.7239;21.937876
545;5370;0.0002;-0.0724;0.4835;2.7080;21.937880
545;5371;0.0002;-0.0727;0.4837;2.6722;21.937884
545;5372;0.0002;-0.0730;0.4836;2.6365;21.937888
545;5373;0.0002;-0.0733;0.4838;2.5809;21.937892
545;5374;0.0002;-0.0736;0.4837;2.5313;21.937896
545;5375;0.0002;-0.0739;0.4837;2.5114;21.937900
545;5376;0.0002;-0.0742;0.4836;2.5214;21.937904
545;5377;0.0002;-0.0745;0.4836;2.5313;21.937908
545;5378;0.0002;-0.0748;0.4835;2.5353;21.937912
545;5379;0.0002;-0.0751;0.4836;2.5472;21.937916
545;5380;0.0002;-0.0755;0.4837;2.5611;21.937920
545;5381;0.0002;-0.0758;0.4839;2.5551;21.937924
545;5382;0.0002;-0.0761;0.4840;2.5452;21.937928
545;5383;0.0002;-0.0764;0.4841;2.5425;21.937932
545;5384;0.0002;-0.0767;0.4841;2.5465;21.937936
545;5385;0.0002;-0.0770;0.4837;2.5333;21.937940
545;5386;0.0002;-0.0773;0.4837;2.4856;21.937944
545;5387;0.0002;-0.0775;0.4834;2.4360;21.937948
545;5388;0.0002;-0.0779;0.4836;2.4122;21.937952
545;5389;0.0002;-0.0782;0.4837;2.4221;21.937956
545;5390;0.0002;-0.0785;0.4837;2.4300;21.937960
545;5391;0.0002;-0.0788;0.4836;2.4141;21.937964
545;5392;0.0002;-0.0791;0.4834;2.4022;21.937968
545;5393;0.0002;-0.0794;0.4833;2.3864;21.937972
545;5394;0.0002;-0.0796;0.4833;2.3566;21.937976
545;5395;0.0002;-0.0800;0.4835;2.3209;21.937980
545;5396;0.0002;-0.0803;0.4837;2.3031;21.937984
545;5397;0.0002;-0.0807;0.4840;2.3090;21.937988
545;5398;0.0002;-0.0810;0.4841;2.3328;21.937992
545;5399;0.0002;-0.0813;0.4840;2.3486;21.937996
545;5400;0.0002;-0.0816;0.4839;2.3407;21.938000
545;5401;0.0002;-0.0819;0.4838;2.3051;21.938004
545;5402;0.0002;-0.0822;0.4838;2.2675;21.938008
545;5403;0.0002;-0.0825;0.4837;2.2576;21.938012
545;5404;0.0002;-0.0828;0.4837;2.2695;21.938016
545;5405;0.0002;-0.0831;0.4836;2.2853;21.938020
545;5406;0.0002;-0.0834;0.4836;2.2972;21.938024
545;5407;0.0002;-0.0837;0.4838;2.3011;21.938028
545;5408;0.0002;-0.0840;0.4838;2.2991;21.938032
545;5409;0.0002;-0.0843;0.4835;2.2892;21.938036
545;5410;0.0002;-0.0846;0.4834;2.2635;21.938040
545;5411;0.0002;-0.0848;0.4833;2.2299;21.938044
545;5412;0.0002;-0.0852;0.4834;2.1824;21.938048
545;5413;0.0002;-0.0855;0.4836;2.1230;21.938052
545;5414;0.0002;-0.0858;0.4837;2.0756;21.938056
545;5415;0.0002;-0.0861;0.4837;2.0380;21.938060
545;5416;0.0002;-0.0864;0.4834;2.0023;21.938064
545;5417;0.0002;-0.0868;0.4838;1.9450;21.938068
545;5418;0.0002;-0.0871;0.4838;1.8520;21.938072
545;5419;0.0002;-0.0874;0.4837;1.7273;21.938076
545;5420;0.0002;-0.0877;0.4836;1.5651;21.938080
545;5421;0.0003;-0.0880;0.4838;1.3633;21.938084
545;5422;0.0003;-0.0883;0.4836;1.1436;21.938088
545;5423;0.0002;-0.0886;0.4836;0.9359;21.938092
545;5424;0.0003;-0.0889;0.4835;0.7618;21.938096
545;5425;0.0003;-0.0891;0.4834;0.6351;21.938100
545;5426;0.0003;-0.0895;0.4835;0.5520;21.938104
545;5427;0.0003;-0.0897;0.4833;0.5045;21.938108
545;5428;0.0003;-0.0899;0.4827;0.4828;21.938112
545;5429;0.0003;-0.0901;0.4821;0.4788;21.938116
545;5430;0.0003;-0.0904;0.4818;0.5006;21.938120
545;5431;0.0003;-0.0907;0.4817;0.5599;21.938124
545;5432;0.0003;-0.0909;0.4813;0.6730;21.938128
545;5433;0.0003;-0.0911;0.4805;0.8418;21.938132
545;5434;0.0003;-0.0913;0.4800;1.0721;21.938136
545;5435;0.0003;-0.0916;0.4799;1.3480;21.938140
545;5436;0.0003;-0.0919;0.4801;1.6121;21.938144
545;5437;0.0003;-0.0923;0.4804;1.8027;21.938148
545;5438;0.0003;-0.0926;0.4804;1.9218;21.938152
545;5439;0.0003;-0.0928;0.4799;2.0072;21.938156
545;5440;0.0003;-0.0931;0.4799;2.0548;21.938160
545;5441;0.0003;-0.0934;0.4798;2.0687;21.938164
545;5442;0.0003;-0.0936;0.4797;2.0627;21.938168
545;5443;0.0003;-0.0939;0.4796;2.0469;21.938172
545;5444;0.0003;-0.0942;0.4795;2.0310;21.938176
545;5445;0.0003;-0.0946;0.4798;2.0151;21.938180
545;5446;0.0003;-0.0949;0.4797;2.0032;21.938184
545;5447;0.0003;-0.0952;0.4798;1.9933;21.938188
545;5448;0.0003;-0.0955;0.4800;1.9873;21.938192
545;5449;0.0003;-0.0958;0.4799;1.9933;21.938196
545;5450;0.0003;-0.0961;0.4799;1.9992;21.938200
545;5451;0.0003;-0.0964;0.4798;1.9913;21.938204
545;5452;0.0003;-0.0967;0.4797;1.9754;21.938208
545;5453;0.0003;-0.0970;0.4798;1.9595;21.938212
545;5454;0.0003;-0.0973;0.4797;1.9416;21.938216
545;5455;0.0003;-0.0976;0.4797;1.9238;21.938220
545;5456;0.0003;-0.0980;0.4798;1.9158;21.938224
545;5457;0.0003;-0.0983;0.4799;1.9099;21.938228
545;5458;0.0003;-0.0986;0.4799;1.8722;21.938232
545;5459;0.0003;-0.0989;0.4798;1.7888;21.938236
545;5460;0.0003;-0.0991;0.4796;1.6518;21.938240
545;5461;0.0003;-0.0994;0.4793;1.4652;21.938244
545;5462;0.0003;-0.0997;0.4795;1.2488;21.938248
545;5463;0.0003;-0.1001;0.4800;1.0368;21.938252
545;5464;0.0003;-0.1004;0.4799;0.8567;21.938256
545;5465;0.0003;-0.1006;0.4793;0.7207;21.938260
545;5466;0.0003;-0.1009;0.4791;0.6234;21.938264
545;5467;0.0003;-0.1011;0.4787;0.5718;21.938268
545;5468;0.0003;-0.1014;0.4785;0.5519;21.938272
545;5469;0.0003;-0.1017;0.4786;0.5559;21.938276
545;5470;0.0003;-0.1020;0.4787;0.5738;21.938280
545;5471;0.0003;-0.1023;0.4787;0.6055;21.938284
545;5472;0.0003;-0.1026;0.4787;0.6452;21.938288
545;5473;0.0003;-0.1030;0.4788;0.6949;21.938292
545;5474;0.0003;-0.1033;0.4790;0.7485;21.938296
545;5475;0.0003;-0.1036;0.4789;0.8080;21.938300
545;5476;0.0003;-0.1039;0.4790;0.8567;21.938304
545;5477;0.0003;-0.1042;0.4790;0.8963;21.938308
545;5478;0.0003;-0.1046;0.4792;0.9082;21.938312
545;5479;0.0003;-0.1049;0.4793;0.8943;21.938316
545;5480;0.0003;-0.1052;0.4793;0.8726;21.938320
545;5481;0.0003;-0.1055;0.4790;0.8508;21.938324
545;5482;0.0003;-0.1057;0.4788;0.8251;21.938328
545;5483;0.0003;-0.1061;0.4789;0.7954;21.938332
545;5484;0.0003;-0.1064;0.4788;0.7618;21.938336
545;5485;0.0003;-0.1066;0.4785;0.7222;21.938340
545;5486;0.0003;-0.1068;0.4778;0.6909;21.938344
545;5487;0.0003;-0.1069;0.4771;0.6691;21.938348
545;5488;0.0003;-0.1070;0.4763;0.6611;21.938352
545;5489;0.0003;-0.1071;0.4751;0.6631;21.938356
545;5490;0.0003;-0.1070;0.4733;0.6750;21.938360
545;5491;0.0003;-0.1069;0.4717;0.6909;21.938364
545;5492;0.0003;-0.1069;0.4702;0.7088;21.938368
545;5493;0.0003;-0.1070;0.4694;0.7207;21.938372
545;5494;0.0003;-0.1072;0.4689;0.7107;21.938376
545;5495;0.0003;-0.1074;0.4685;0.6889;21.938380
545;5496;0.0003;-0.1077;0.4683;0.6631;21.938384
545;5497;0.0003;-0.1079;0.4680;0.6274;21.938388
545;5498;0.0003;-0.1082;0.4680;0.5857;21.938392
545;5499;0.0003;-0.1084;0.4676;0.5396;21.938396
545;5500;0.0003;-0.1086;0.4671;0.4958;21.938400
545;5501;0.0003;-0.1090;0.4676;0.4666;21.938404
545;5502;0.0003;-0.1095;0.4684;0.4546;21.938408
545;5503;0.0003;-0.1098;0.4683;0.4447;21.938412
545;5504;0.0003;-0.1101;0.4682;0.4447;21.938416
545;5505;0.0003;-0.1105;0.4687;0.4546;21.938420
545;5506;0.0003;-0.1109;0.4692;0.4765;21.938424
545;5507;0.0003;-0.1113;0.4698;0.5102;21.938428
545;5508;0.0003;-0.1117;0.4700;0.5499;21.938432
545;5509;0.0003;-0.1121;0.4705;0.5936;21.938436
545;5510;0.0003;-0.1125;0.4709;0.6333;21.938440
545;5511;0.0003;-0.1129;0.4714;0.6611;21.938444
545;5512;0.0003;-0.1134;0.4720;0.6750;21.938448
545;5513;0.0003;-0.1138;0.4723;0.6810;21.938452
545;5514;0.0003;-0.1141;0.4725;0.6810;21.938456
545;5515;0.0003;-0.1145;0.4729;0.6750;21.938460
545;5516;0.0003;-0.1149;0.4730;0.6631;21.938464
545;5517;0.0003;-0.1151;0.4728;0.6492;21.938468
545;5518;0.0003;-0.1154;0.4727;0.6333;21.938472
545;5519;0.0003;-0.1158;0.4732;0.6234;21.938476
545;5520;0.0003;-0.1161;0.4732;0.6214;21.938480
545;5521;0.0003;-0.1163;0.4725;0.6234;21.938484
545;5522;0.0003;-0.1166;0.4723;0.6214;21.938488
545;5523;0.0003;-0.1169;0.4725;0.6214;21.938492
545;5524;0.0003;-0.1172;0.4727;0.6214;21.938496
545;5525;0.0003;-0.1175;0.4726;0.6214;21.938500
545;5526;0.0003;-0.1179;0.4730;0.6234;21.938504
545;5527;0.0003;-0.1183;0.4733;0.6214;21.938508
545;5528;0.0003;-0.1186;0.4733;0.6194;21.938512
545;5529;0.0003;-0.1190;0.4734;0.6154;21.938516
545;5530;0.0003;-0.1193;0.4736;0.6135;21.938520
545;5531;0.0003;-0.1196;0.4735;0.6154;21.938524
545;5532;0.0003;-0.1199;0.4733;0.6154;21.938528
545;5533;0.0003;-0.1201;0.4731;0.6174;21.938532
545;5534;0.0003;-0.1204;0.4731;0.6135;21.938536
545;5535;0.0003;-0.1208;0.4734;0.6016;21.938540
545;5536;0.0003;-0.1210;0.4730;0.5837;21.938544
545;5537;0.0003;-0.1213;0.4728;0.5658;21.938548
545;5538;0.0003;-0.1215;0.4725;0.5519;21.938552
545;5539;0.0003;-0.1217;0.4720;0.5440;21.938556
545;5540;0.0003;-0.1218;0.4710;0.5420;21.938560
545;5541;0.0003;-0.1219;0.4703;0.5460;21.938564
545;5542;0.0003;-0.1222;0.4703;0.5599;21.938568
545;5543;0.0003;-0.1225;0.4702;0.5797;21.938572
545;5544;0.0003;-0.1225;0.4692;0.6075;21.938576
545;5545;0.0003;-0.1225;0.4680;0.6373;21.938580
545;5546;0.0003;-0.1227;0.4675;0.6591;21.938584
545;5547;0.0003;-0.1228;0.4669;0.6730;21.938588
545;5548;0.0003;-0.1230;0.4663;0.6770;21.938592
545;5549;0.0003;-0.1231;0.4657;0.6730;21.938596
545;5550;0.0003;-0.1232;0.4647;0.6611;21.938600
545;5551;0.0003;-0.1233;0.4639;0.6511;21.938604
545;5552;0.0003;-0.1233;0.4628;0.6371;21.938608
545;5553;0.0003;-0.1233;0.4617;0.6292;21.938612
545;5554;0.0003;-0.1232;0.4603;0.6391;21.938616
545;5555;0.0003;-0.1232;0.4590;0.6730;21.938620
545;5556;0.0003;-0.1232;0.4579;0.7207;21.938624
545;5557;0.0003;-0.1234;0.4575;0.7685;21.938628
545;5558;0.0003;-0.1236;0.4573;0.8004;21.938632
545;5559;0.0003;-0.1239;0.4572;0.8004;21.938636
545;5560;0.0003;-0.1242;0.4572;0.7625;21.938640
545;5561;0.0003;-0.1245;0.4571;0.6889;21.938644
545;5562;0.0003;-0.1248;0.4573;0.6013;21.938648
545;5563;0.0003;-0.1252;0.4577;0.5157;21.938652
545;5564;0.0003;-0.1255;0.4576;0.4500;21.938656
545;5565;0.0003;-0.1256;0.4567;0.4121;21.938660
545;5566;0.0003;-0.1255;0.4552;0.3982;21.938664
545;5567;0.0003;-0.1253;0.4537;0.4002;21.938668
545;5568;0.0003;-0.1252;0.4523;0.4155;21.938672
545;5569;0.0003;-0.1252;0.4509;0.4295;21.938676
545;5570;0.0003;-0.1253;0.4502;0.4374;21.938680
545;5571;0.0003;-0.1254;0.4494;0.4394;21.938684
545;5572;0.0003;-0.1254;0.4485;0.4374;21.938688
545;5573;0.0003;-0.1255;0.4477;0.4355;21.938692
545;5574;0.0003;-0.1256;0.4472;0.4335;21.938696
545;5575;0.0003;-0.1256;0.4462;0.4295;21.938700
545;5576;0.0003;-0.1257;0.4455;0.4235;21.938704
545;5577;0.0003;-0.1260;0.4454;0.4195;21.938708
545;5578;0.0003;-0.1264;0.4459;0.4255;21.938712
545;5579;0.0003;-0.1268;0.4463;0.4514;21.938716
545;5580;0.0003;-0.1275;0.4474;0.5034;21.938720
545;5581;0.0003;-0.1282;0.4491;0.5813;21.938724
545;5582;0.0003;-0.1291;0.4512;0.6791;21.938728
545;5583;0.0003;-0.1299;0.4527;0.7805;21.938732
545;5584;0.0003;-0.1305;0.4540;0.8661;21.938736
545;5585;0.0003;-0.1312;0.4553;0.9198;21.938740
545;5586;0.0003;-0.1318;0.4562;0.9417;21.938744
545;5587;0.0003;-0.1323;0.4570;0.9397;21.938748
545;5588;0.0003;-0.1328;0.4576;0.9258;21.938752
545;5589;0.0003;-0.1332;0.4578;0.9139;21.938756
545;5590;0.0003;-0.1335;0.4577;0.9059;21.938760
545;5591;0.0003;-0.1338;0.4580;0.9059;21.938764
545;5592;0.0003;-0.1342;0.4582;0.9099;21.938768
545;5593;0.0003;-0.1344;0.4579;0.9119;21.938772
545;5594;0.0003;-0.1346;0.4576;0.9119;21.938776
545;5595;0.0003;-0.1349;0.4575;0.9119;21.938780
545;5596;0.0003;-0.1351;0.4572;0.9119;21.938784
545;5597;0.0003;-0.1353;0.4570;0.9159;21.938788
545;5598;0.0003;-0.1356;0.4569;0.9218;21.938792
545;5599;0.0003;-0.1359;0.4567;0.9278;21.938796
545;5600;0.0003;-0.1362;0.4567;0.9298;21.938800
545;5601;0.0003;-0.1365;0.4566;0.9278;21.938804
545;5602;0.0003;-0.1367;0.4563;0.9238;21.938808
545;5603;0.0003;-0.1370;0.4564;0.9178;21.938812
545;5604;0.0003;-0.1374;0.4566;0.9079;21.938816
545;5605;0.0003;-0.1377;0.4565;0.8920;21.938820
545;5606;0.0003;-0.1379;0.4562;0.8760;21.938824
545;5607;0.0003;-0.1382;0.4561;0.8581;21.938828
545;5608;0.0003;-0.1384;0.4560;0.8402;21.938832
545;5609;0.0003;-0.1387;0.4559;0.8282;21.938836
545;5610;0.0003;-0.1389;0.4556;0.8203;21.938840
545;5611;0.0003;-0.1391;0.4551;0.8123;21.938844
545;5612;0.0003;-0.1393;0.4547;0.8063;21.938848
545;5613;0.0003;-0.1394;0.4542;0.8004;21.938852
545;5614;0.0003;-0.1396;0.4537;0.8004;21.938856
545;5615;0.0003;-0.1398;0.4534;0.7984;21.938860
545;5616;0.0003;-0.1401;0.4535;0.7944;21.938864
545;5617;0.0003;-0.1404;0.4535;0.7904;21.938868
545;5618;0.0003;-0.1406;0.4532;0.7904;21.938872
545;5619;0.0003;-0.1408;0.4528;0.7924;21.938876
545;5620;0.0003;-0.1410;0.4523;0.7964;21.938880
545;5621;0.0003;-0.1412;0.4522;0.8004;21.938884
545;5622;0.0003;-0.1415;0.4521;0.7984;21.938888
545;5623;0.0003;-0.1418;0.4520;0.7964;21.938892
545;5624;0.0003;-0.1419;0.4515;0.7944;21.938896
545;5625;0.0003;-0.1421;0.4511;0.7904;21.938900
545;5626;0.0003;-0.1424;0.4511;0.7825;21.938904
545;5627;0.0003;-0.1426;0.4508;0.7745;21.938908
545;5628;0.0003;-0.1429;0.4507;0.7685;21.938912
545;5629;0.0003;-0.1432;0.4508;0.7645;21.938916
545;5630;0.0003;-0.1435;0.4508;0.7606;21.938920
545;5631;0.0003;-0.1438;0.4506;0.7546;21.938924
545;5632;0.0003;-0.1439;0.4500;0.7526;21.938928
545;5633;0.0003;-0.1441;0.4496;0.7506;21.938932
545;5634;0.0003;-0.1442;0.4491;0.7486;21.938936
545;5635;0.0003;-0.1444;0.4488;0.7446;21.938940
545;5636;0.0003;-0.1447;0.4487;0.7406;21.938944
545;5637;0.0003;-0.1449;0.4486;0.7327;21.938948
545;5638;0.0003;-0.1451;0.4483;0.7267;21.938952
545;5639;0.0003;-0.1454;0.4482;0.7227;21.938956
545;5640;0.0003;-0.1458;0.4483;0.7148;21.938960
545;5641;0.0003;-0.1460;0.4482;0.7088;21.938964
545;5642;0.0003;-0.1463;0.4481;0.7048;21.938968
545;5643;0.0003;-0.1465;0.4478;0.6968;21.938972
545;5644;0.0003;-0.1466;0.4473;0.6909;21.938976
545;5645;0.0003;-0.1469;0.4472;0.6869;21.938980
545;5646;0.0003;-0.1471;0.4469;0.6889;21.938984
545;5647;0.0003;-0.1473;0.4466;0.6909;21.938988
545;5648;0.0003;-0.1476;0.4463;0.6929;21.938992
545;5649;0.0003;-0.1478;0.4462;0.6931;21.938996
545;5650;0.0003;-0.1479;0.4457;0.6911;21.939000
545;5651;0.0003;-0.1482;0.4456;0.6871;21.939004
545;5652;0.0003;-0.1486;0.4457;0.6851;21.939008
545;5653;0.0003;-0.1489;0.4458;0.6811;21.939012
545;5654;0.0003;-0.1490;0.4453;0.6751;21.939016
545;5655;0.0003;-0.1490;0.4444;0.6712;21.939020
545;5656;0.0003;-0.1492;0.4440;0.6652;21.939024
545;5657;0.0003;-0.1495;0.4441;0.6572;21.939028
545;5658;0.0003;-0.1499;0.4443;0.6512;21.939032
545;5659;0.0003;-0.1502;0.4442;0.6492;21.939036
545;5660;0.0003;-0.1504;0.4439;0.6472;21.939040
545;5661;0.0003;-0.1506;0.4437;0.6472;21.939044
545;5662;0.0003;-0.1508;0.4433;0.6472;21.939048
545;5663;0.0003;-0.1510;0.4430;0.6452;21.939052
545;5664;0.0003;-0.1512;0.4429;0.6472;21.939056
545;5665;0.0003;-0.1515;0.4427;0.6532;21.939060
545;5666;0.0003;-0.1518;0.4426;0.6592;21.939064
545;5667;0.0003;-0.1520;0.4425;0.6652;21.939068
545;5668;0.0003;-0.1522;0.4420;0.6712;21.939072
545;5669;0.0003;-0.1523;0.4415;0.6751;21.939076
545;5670;0.0003;-0.1525;0.4412;0.6771;21.939080
545;5671;0.0003;-0.1527;0.4409;0.6791;21.939084
545;5672;0.0003;-0.1529;0.4405;0.6811;21.939088
545;5673;0.0003;-0.1531;0.4402;0.6851;21.939092
545;5674;0.0003;-0.1534;0.4403;0.6891;21.939096
545;5675;0.0003;-0.1537;0.4403;0.6891;21.939100
545;5676;0.0003;-0.1540;0.4402;0.6871;21.939104
545;5677;0.0003;-0.1542;0.4401;0.6831;21.939108
545;5678;0.0003;-0.1545;0.4400;0.6831;21.939112
545;5679;0.0003;-0.1548;0.4399;0.6831;21.939116
545;5680;0.0003;-0.1549;0.4394;0.6771;21.939120
545;5681;0.0003;-0.1552;0.4393;0.6732;21.939124
545;5682;0.0003;-0.1554;0.4392;0.6692;21.939128
545;5683;0.0003;-0.1557;0.4391;0.6692;21.939132
545;5684;0.0003;-0.1559;0.4387;0.6692;21.939136
545;5685;0.0003;-0.1561;0.4384;0.6692;21.939140
545;5686;0.0003;-0.1563;0.4383;0.6672;21.939144
545;5687;0.0003;-0.1565;0.4379;0.6632;21.939148
545;5688;0.0003;-0.1566;0.4373;0.6572;21.939152
545;5689;0.0003;-0.1568;0.4370;0.6532;21.939156
545;5690;0.0003;-0.1570;0.4369;0.6492;21.939160
545;5691;0.0003;-0.1573;0.4368;0.6432;21.939164
545;5692;0.0003;-0.1575;0.4366;0.6432;21.939168
545;5693;0.0003;-0.1578;0.4364;0.6452;21.939172
545;5694;0.0003;-0.1581;0.4365;0.6492;21.939176
545;5695;0.0003;-0.1584;0.4364;0.6512;21.939180
545;5696;0.0003;-0.1586;0.4363;0.6492;21.939184
545;5697;0.0003;-0.1588;0.4358;0.6512;21.939188
545;5698;0.0003;-0.1590;0.4355;0.6572;21.939192
545;5699;0.0003;-0.1592;0.4353;0.6572;21.939196
545;5700;0.0003;-0.1595;0.4355;0.6552;21.939200
545;5701;0.0003;-0.1600;0.4359;0.6552;21.939204
545;5702;0.0003;-0.1602;0.4357;0.6592;21.939208
545;5703;0.0003;-0.1604;0.4354;0.6632;21.939212
545;5704;0.0003;-0.1608;0.4355;0.6632;21.939216
545;5705;0.0003;-0.1609;0.4350;0.6632;21.939220
545;5706;0.0003;-0.1608;0.4340;0.6652;21.939224
545;5707;0.0003;-0.1610;0.4337;0.6652;21.939228
545;5708;0.0003;-0.1613;0.4337;0.6652;21.939232
545;5709;0.0003;-0.1616;0.4338;0.6652;21.939236
545;5710;0.0003;-0.1618;0.4335;0.6652;21.939240
545;5711;0.0003;-0.1620;0.4331;0.6652;21.939244
545;5712;0.0003;-0.1623;0.4330;0.6652;21.939248
545;5713;0.0003;-0.1625;0.4329;0.6632;21.939252
545;5714;0.0003;-0.1627;0.4324;0.6592;21.939256
545;5715;0.0003;-0.1629;0.4323;0.6552;21.939260
545;5716;0.0003;-0.1631;0.4321;0.6492;21.939264
545;5717;0.0003;-0.1632;0.4315;0.6452;21.939268
545;5718;0.0003;-0.1635;0.4314;0.6412;21.939272
545;5719;0.0003;-0.1639;0.4316;0.6372;21.939276
545;5720;0.0003;-0.1641;0.4315;0.6352;21.939280
545;5721;0.0003;-0.1645;0.4316;0.6312;21.939284
545;5722;0.0003;-0.1648;0.4316;0.6312;21.939288
545;5723;0.0003;-0.1650;0.4315;0.6312;21.939292
545;5724;0.0003;-0.1653;0.4314;0.6332;21.939296
545;5725;0.0003;-0.1655;0.4310;0.6372;21.939300
545;5726;0.0003;-0.1655;0.4303;0.6472;21.939304
545;5727;0.0003;-0.1657;0.4300;0.6572;21.939308
545;5728;0.0003;-0.1659;0.4297;0.6672;21.939312
545;5729;0.0003;-0.1661;0.4296;0.6732;21.939316
545;5730;0.0003;-0.1664;0.4295;0.6751;21.939320
545;5731;0.0003;-0.1665;0.4289;0.6732;21.939324
545;5732;0.0003;-0.1667;0.4286;0.6733;21.939328
545;5733;0.0003;-0.1671;0.4289;0.6712;21.939332
545;5734;0.0003;-0.1674;0.4290;0.6692;21.939336
545;5735;0.0003;-0.1676;0.4287;0.6652;21.939340
545;5736;0.0003;-0.1678;0.4284;0.6612;21.939344
545;5737;0.0003;-0.1680;0.4281;0.6633;21.939348
545;5738;0.0003;-0.1683;0.4282;0.6612;21.939352
545;5739;0.0003;-0.1685;0.4279;0.6653;21.939356
545;5740;0.0003;-0.1687;0.4275;0.6693;21.939360
545;5741;0.0003;-0.1688;0.4271;0.6733;21.939364
545;5742;0.0003;-0.1691;0.4271;0.6793;21.939368
545;5743;0.0003;-0.1693;0.4268;0.6853;21.939372
545;5744;0.0003;-0.1694;0.4265;0.6913;21.939376
545;5745;0.0003;-0.1698;0.4265;0.6973;21.939380
545;5746;0.0003;-0.1701;0.4265;0.6993;21.939384
545;5747;0.0003;-0.1703;0.4264;0.6933;21.939388
545;5748;0.0003;-0.1706;0.4263;0.6853;21.939392
545;5749;0.0003;-0.1708;0.4259;0.6793;21.939396
545;5750;0.0003;-0.1709;0.4257;0.6753;21.939400
545;5751;0.0003;-0.1713;0.4257;0.6713;21.939404
545;5752;0.0003;-0.1715;0.4256;0.6693;21.939408
545;5753;0.0003;-0.1717;0.4253;0.6673;21.939412
545;5754;0.0003;-0.1720;0.4252;0.6653;21.939416
545;5755;0.0003;-0.1722;0.4251;0.6613;21.939420
545;5756;0.0003;-0.1726;0.4252;0.6593;21.939424
545;5757;0.0003;-0.1729;0.4253;0.6593;21.939428
545;5758;0.0003;-0.1731;0.4250;0.6633;21.939432
545;5759;0.0003;-0.1732;0.4245;0.6633;21.939436
545;5760;0.0003;-0.1733;0.4239;0.6613;21.939440
545;5761;0.0003;-0.1734;0.4235;0.6613;21.939444
545;5762;0.0003;-0.1736;0.4233;0.6653;21.939448
545;5763;0.0003;-0.1739;0.4232;0.6693;21.939452
545;5764;0.0003;-0.1743;0.4233;0.6693;21.939456
545;5765;0.0003;-0.1745;0.4232;0.6753;21.939460
545;5766;0.0003;-0.1747;0.4228;0.6793;21.939464
545;5767;0.0003;-0.1748;0.4226;0.6813;21.939468
545;5768;0.0003;-0.1751;0.4224;0.6833;21.939472
545;5769;0.0003;-0.1753;0.4221;0.6833;21.939476
545;5770;0.0003;-0.1755;0.4219;0.6893;21.939480
545;5771;0.0003;-0.1759;0.4221;0.6913;21.939484
545;5772;0.0003;-0.1760;0.4216;0.6953;21.939488
545;5773;0.0003;-0.1760;0.4211;0.6993;21.939492
545;5774;0.0003;-0.1763;0.4210;0.7074;21.939496
545;5775;0.0003;-0.1767;0.4213;0.7114;21.939500
545;5776;0.0003;-0.1770;0.4212;0.7114;21.939504
545;5777;0.0003;-0.1772;0.4210;0.7074;21.939508
545;5778;0.0003;-0.1773;0.4205;0.7034;21.939512
545;5779;0.0003;-0.1776;0.4204;0.6953;21.939516
545;5780;0.0003;-0.1778;0.4203;0.6933;21.939520
545;5781;0.0003;-0.1781;0.4202;0.6913;21.939524
545;5782;0.0003;-0.1783;0.4199;0.6853;21.939528
545;5783;0.0003;-0.1785;0.4198;0.6813;21.939532
545;5784;0.0003;-0.1788;0.4196;0.6793;21.939536
545;5785;0.0003;-0.1789;0.4193;0.6773;21.939540
545;5786;0.0003;-0.1793;0.4194;0.6753;21.939544
545;5787;0.0003;-0.1795;0.4193;0.6753;21.939548
545;5788;0.0003;-0.1796;0.4188;0.6793;21.939552
545;5789;0.0003;-0.1798;0.4184;0.6793;21.939556
545;5790;0.0003;-0.1801;0.4184;0.6833;21.939560
545;5791;0.0003;-0.1804;0.4185;0.6913;21.939564
545;5792;0.0003;-0.1807;0.4183;0.6933;21.939568
545;5793;0.0003;-0.1808;0.4180;0.6893;21.939572
545;5794;0.0003;-0.1811;0.4179;0.6873;21.939576
545;5795;0.0003;-0.1815;0.4182;0.6873;21.939580
545;5796;0.0003;-0.1817;0.4179;0.6873;21.939584
545;5797;0.0003;-0.1818;0.4175;0.6853;21.939588
545;5798;0.0003;-0.1819;0.4170;0.6793;21.939592
545;5799;0.0003;-0.1823;0.4171;0.6753;21.939596
545;5800;0.0003;-0.1826;0.4172;0.6733;21.939600
545;5801;0.0003;-0.1828;0.4169;0.6693;21.939604
545;5802;0.0003;-0.1829;0.4164;0.6653;21.939608
545;5803;0.0003;-0.1831;0.4162;0.6673;21.939612
545;5804;0.0003;-0.1832;0.4157;0.6753;21.939616
545;5805;0.0003;-0.1833;0.4153;0.6853;21.939620
545;5806;0.0003;-0.1836;0.4152;0.6873;21.939624
545;5807;0.0003;-0.1837;0.4149;0.6893;21.939628
545;5808;0.0003;-0.1841;0.4150;0.6913;21.939632
545;5809;0.0003;-0.1844;0.4150;0.6913;21.939636
545;5810;0.0003;-0.1848;0.4152;0.6853;21.939640
545;5811;0.0003;-0.1850;0.4151;0.6813;21.939644
545;5812;0.0003;-0.1852;0.4148;0.6853;21.939648
545;5813;0.0003;-0.1853;0.4144;0.6913;21.939652
545;5814;0.0003;-0.1853;0.4137;0.6913;21.939656
545;5815;0.0003;-0.1854;0.4132;0.6933;21.939660
545;5816;0.0003;-0.1857;0.4133;0.6933;21.939664
545;5817;0.0003;-0.1861;0.4133;0.6913;21.939668
545;5818;0.0003;-0.1862;0.4129;0.6873;21.939672
545;5819;0.0003;-0.1863;0.4126;0.6833;21.939676
545;5820;0.0003;-0.1866;0.4124;0.6833;21.939680
545;5821;0.0003;-0.1869;0.4125;0.6853;21.939684
545;5822;0.0003;-0.1873;0.4126;0.6893;21.939688
545;5823;0.0003;-0.1874;0.4123;0.6933;21.939692
545;5824;0.0003;-0.1877;0.4122;0.6953;21.939696
545;5825;0.0003;-0.1879;0.4121;0.6953;21.939700
545;5826;0.0003;-0.1882;0.4119;0.6933;21.939704
545;5827;0.0003;-0.1884;0.4116;0.6853;21.939708
545;5828;0.0003;-0.1885;0.4113;0.6773;21.939712
545;5829;0.0003;-0.1887;0.4110;0.6753;21.939716
545;5830;0.0003;-0.1891;0.4113;0.6773;21.939720
545;5831;0.0003;-0.1895;0.4114;0.6773;21.939724
545;5832;0.0003;-0.1897;0.4112;0.6773;21.939728
545;5833;0.0003;-0.1899;0.4109;0.6773;21.939732
545;5834;0.0003;-0.1901;0.4106;0.6773;21.939736
545;5835;0.0003;-0.1903;0.4104;0.6753;21.939740
545;5836;0.0003;-0.1906;0.4106;0.6753;21.939744
545;5837;0.0003;-0.1909;0.4105;0.6713;21.939748
545;5838;0.0003;-0.1909;0.4099;0.6713;21.939752
545;5839;0.0003;-0.1910;0.4093;0.6753;21.939756
545;5840;0.0003;-0.1912;0.4092;0.6833;21.939760
545;5841;0.0003;-0.1917;0.4096;0.6873;21.939764
545;5842;0.0003;-0.1921;0.4097;0.6853;21.939768
545;5843;0.0003;-0.1922;0.4093;0.6813;21.939772
545;5844;0.0003;-0.1924;0.4090;0.6813;21.939776
545;5845;0.0003;-0.1925;0.4087;0.6833;21.939780
545;5846;0.0003;-0.1928;0.4086;0.6833;21.939784
545;5847;0.0003;-0.1932;0.4089;0.6853;21.939788
545;5848;0.0003;-0.1934;0.4085;0.6873;21.939792
545;5849;0.0003;-0.1934;0.4080;0.6893;21.939796
545;5850;0.0003;-0.1936;0.4079;0.6913;21.939800
545;5851;0.0003;-0.1938;0.4076;0.6933;21.939804
545;5852;0.0003;-0.1939;0.4072;0.6973;21.939808
545;5853;0.0003;-0.1942;0.4071;0.6973;21.939812
545;5854;0.0003;-0.1946;0.4072;0.6933;21.939816
545;5855;0.0003;-0.1946;0.4066;0.6893;21.939820
545;5856;0.0003;-0.1948;0.4063;0.6893;21.939824
545;5857;0.0003;-0.1949;0.4060;0.6853;21.939828
545;5858;0.0003;-0.1949;0.4055;0.6831;21.939832
545;5859;0.0003;-0.1952;0.4053;0.6811;21.939836
545;5860;0.0003;-0.1955;0.4054;0.6753;21.939840
545;5861;0.0003;-0.1959;0.4056;0.6753;21.939844
545;5862;0.0003;-0.1962;0.4054;0.6773;21.939848
545;5863;0.0003;-0.1964;0.4052;0.6793;21.939852
545;5864;0.0003;-0.1965;0.4049;0.6833;21.939856
545;5865;0.0003;-0.1968;0.4048;0.6853;21.939860
545;5866;0.0003;-0.1969;0.4045;0.6851;21.939864
545;5867;0.0003;-0.1972;0.4044;0.6851;21.939868
545;5868;0.0003;-0.1973;0.4041;0.6851;21.939872
545;5869;0.0003;-0.1975;0.4039;0.6872;21.939876
545;5870;0.0003;-0.1978;0.4037;0.6892;21.939880
545;5871;0.0003;-0.1980;0.4036;0.6851;21.939884
545;5872;0.0003;-0.1984;0.4038;0.6811;21.939888
545;5873;0.0003;-0.1987;0.4037;0.6791;21.939892
545;5874;0.0003;-0.1987;0.4031;0.6791;21.939896
545;5875;0.0003;-0.1989;0.4028;0.6831;21.939900
545;5876;0.0003;-0.1992;0.4028;0.6872;21.939904
545;5877;0.0003;-0.1996;0.4030;0.6972;21.939908
545;5878;0.0003;-0.1998;0.4029;0.7052;21.939912
545;5879;0.0003;-0.2001;0.4027;0.7133;21.939916
545;5880;0.0003;-0.2003;0.4025;0.7193;21.939920
545;5881;0.0003;-0.2003;0.4020;0.7193;21.939924
545;5882;0.0003;-0.2007;0.4021;0.7193;21.939928
545;5883;0.0003;-0.2008;0.4018;0.7173;21.939932
545;5884;0.0003;-0.2010;0.4015;0.7133;21.939936
545;5885;0.0003;-0.2013;0.4015;0.7133;21.939940
545;5886;0.0003;-0.2015;0.4012;0.7113;21.939944
545;5887;0.0003;-0.2017;0.4010;0.7093;21.939948
545;5888;0.0003;-0.2021;0.4012;0.7032;21.939952
545;5889;0.0003;-0.2023;0.4011;0.6972;21.939956
545;5890;0.0003;-0.2025;0.4008;0.6932;21.939960
545;5891;0.0003;-0.2027;0.4006;0.6952;21.939964
545;5892;0.0003;-0.2029;0.4004;0.6932;21.939968
545;5893;0.0003;-0.2030;0.3999;0.6892;21.939972
545;5894;0.0003;-0.2030;0.3994;0.6851;21.939976
545;5895;0.0003;-0.2032;0.3991;0.6831;21.939980
545;5896;0.0003;-0.2035;0.3991;0.6831;21.939984
545;5897;0.0003;-0.2039;0.3993;0.6811;21.939988
545;5898;0.0003;-0.2041;0.3990;0.6791;21.939992
545;5899;0.0003;-0.2043;0.3989;0.6811;21.939996
545;5900;0.0003;-0.2046;0.3988;0.6811;21.940000
545;5901;0.0003;-0.2048;0.3988;0.6771;21.940004
545;5902;0.0003;-0.2052;0.3988;0.6731;21.940008
545;5903;0.0003;-0.2053;0.3985;0.6711;21.940012
545;5904;0.0003;-0.2053;0.3978;0.6691;21.940016
545;5905;0.0003;-0.2054;0.3974;0.6691;21.940020
545;5906;0.0003;-0.2058;0.3975;0.6691;21.940024
545;5907;0.0003;-0.2061;0.3975;0.6711;21.940028
545;5908;0.0003;-0.2061;0.3971;0.6771;21.940032
545;5909;0.0003;-0.2063;0.3967;0.6872;21.940036
545;5910;0.0003;-0.2066;0.3967;0.6952;21.940040
545;5911;0.0003;-0.2068;0.3966;0.7052;21.940044
545;5912;0.0003;-0.2071;0.3966;0.7133;21.940048
545;5913;0.0003;-0.2075;0.3966;0.7173;21.940052
545;5914;0.0003;-0.2077;0.3965;0.7173;21.940056
545;5915;0.0003;-0.2078;0.3961;0.7193;21.940060
545;5916;0.0003;-0.2079;0.3956;0.7213;21.940064
545;5917;0.0003;-0.2083;0.3958;0.7253;21.940068
545;5918;0.0003;-0.2087;0.3960;0.7293;21.940072
545;5919;0.0003;-0.2090;0.3960;0.7314;21.940076
545;5920;0.0003;-0.2091;0.3955;0.7334;21.940080
545;5921;0.0003;-0.2093;0.3953;0.7354;21.940084
545;5922;0.0003;-0.2094;0.3950;0.7354;21.940088
545;5923;0.0003;-0.2096;0.3947;0.7334;21.940092
545;5924;0.0003;-0.2097;0.3943;0.7293;21.940096
545;5925;0.0003;-0.2099;0.3942;0.7233;21.940100
545;5926;0.0003;-0.2103;0.3943;0.7193;21.940104
545;5927;0.0003;-0.2104;0.3940;0.7193;21.940108
545;5928;0.0003;-0.2105;0.3936;0.7193;21.940112
545;5929;0.0003;-0.2107;0.3933;0.7173;21.940116
545;5930;0.0003;-0.2110;0.3934;0.7153;21.940120
545;5931;0.0003;-0.2110;0.3928;0.7193;21.940124
545;5932;0.0003;-0.2111;0.3923;0.7193;21.940128
545;5933;0.0003;-0.2115;0.3925;0.7213;21.940132
545;5934;0.0003;-0.2118;0.3925;0.7233;21.940136
545;5935;0.0003;-0.2120;0.3923;0.7253;21.940140
545;5936;0.0003;-0.2123;0.3922;0.7213;21.940144
545;5937;0.0003;-0.2129;0.3927;0.7153;21.940148
545;5938;0.0003;-0.2133;0.3929;0.7113;21.940152
545;5939;0.0003;-0.2133;0.3925;0.7133;21.940156
545;5940;0.0003;-0.2134;0.3921;0.7153;21.940160
545;5941;0.0003;-0.2137;0.3919;0.7193;21.940164
545;5942;0.0003;-0.2138;0.3916;0.7293;21.940168
545;5943;0.0003;-0.2138;0.3911;0.7394;21.940172
545;5944;0.0003;-0.2140;0.3908;0.7434;21.940176
545;5945;0.0003;-0.2143;0.3908;0.7434;21.940180
545;5946;0.0003;-0.2145;0.3907;0.7454;21.940184
545;5947;0.0003;-0.2149;0.3907;0.7474;21.940188
545;5948;0.0003;-0.2151;0.3906;0.7434;21.940192
545;5949;0.0003;-0.2153;0.3903;0.7394;21.940196
545;5950;0.0003;-0.2153;0.3898;0.7394;21.940200
545;5951;0.0003;-0.2155;0.3896;0.7394;21.940204
545;5952;0.0003;-0.2157;0.3894;0.7374;21.940208
545;5953;0.0003;-0.2160;0.3894;0.7394;21.940212
545;5954;0.0003;-0.2161;0.3890;0.7454;21.940216
545;5955;0.0003;-0.2162;0.3885;0.7515;21.940220
545;5956;0.0003;-0.2165;0.3886;0.7515;21.940224
545;5957;0.0003;-0.2168;0.3886;0.7494;21.940228
545;5958;0.0003;-0.2172;0.3886;0.7494;21.940232
545;5959;0.0003;-0.2174;0.3885;0.7515;21.940236
545;5960;0.0003;-0.2174;0.3880;0.7494;21.940240
545;5961;0.0003;-0.2176;0.3877;0.7454;21.940244
545;5962;0.0003;-0.2178;0.3876;0.7414;21.940248
545;5963;0.0003;-0.2181;0.3874;0.7354;21.940252
545;5964;0.0003;-0.2183;0.3873;0.7293;21.940256
545;5965;0.0003;-0.2184;0.3869;0.7233;21.940260
545;5966;0.0003;-0.2186;0.3868;0.7193;21.940264
545;5967;0.0003;-0.2190;0.3869;0.7193;21.940268
545;5968;0.0003;-0.2193;0.3869;0.7153;21.940272
545;5969;0.0003;-0.2196;0.3868;0.7113;21.940276
545;5970;0.0003;-0.2200;0.3870;0.7072;21.940280
545;5971;0.0003;-0.2202;0.3867;0.7093;21.940284
545;5972;0.0003;-0.2203;0.3864;0.7153;21.940288
545;5973;0.0003;-0.2204;0.3860;0.7233;21.940292
545;5974;0.0003;-0.2204;0.3855;0.7273;21.940296
545;5975;0.0003;-0.2207;0.3854;0.7293;21.940300
545;5976;0.0003;-0.2208;0.3851;0.7334;21.940304
545;5977;0.0003;-0.2210;0.3850;0.7334;21.940308
545;5978;0.0003;-0.2216;0.3853;0.7334;21.940312
545;5979;0.0003;-0.2217;0.3850;0.7314;21.940316
545;5980;0.0003;-0.2219;0.3849;0.7273;21.940320
545;5981;0.0003;-0.2222;0.3848;0.7253;21.940324
545;5982;0.0003;-0.2224;0.3846;0.7213;21.940328
545;5983;0.0003;-0.2225;0.3843;0.7173;21.940332
545;5984;0.0003;-0.2226;0.3839;0.7173;21.940336
545;5985;0.0003;-0.2228;0.3836;0.7173;21.940340
545;5986;0.0003;-0.2230;0.3835;0.7213;21.940344
545;5987;0.0003;-0.2232;0.3833;0.7293;21.940348
545;5988;0.0003;-0.2236;0.3834;0.7354;21.940352
545;5989;0.0003;-0.2238;0.3832;0.7434;21.940356
545;5990;0.0003;-0.2237;0.3826;0.7515;21.940360
545;5991;0.0003;-0.2240;0.3824;0.7555;21.940364
545;5992;0.0003;-0.2244;0.3826;0.7535;21.940368
545;5993;0.0003;-0.2248;0.3827;0.7474;21.940372
545;5994;0.0003;-0.2250;0.3826;0.7454;21.940376
545;5995;0.0003;-0.2252;0.3824;0.7414;21.940380
545;5996;0.0003;-0.2255;0.3823;0.7394;21.940384
545;5997;0.0003;-0.2257;0.3821;0.7354;21.940388
545;5998;0.0003;-0.2256;0.3815;0.7273;21.940392
545;5999;0.0003;-0.2257;0.3811;0.7213;21.940396
545;6000;0.0003;-0.2258;0.3808;0.7213;21.940400
545;6001;0.0003;-0.2262;0.3808;0.7273;21.940404
545;6002;0.0003;-0.2264;0.3807;0.7293;21.940408
545;6003;0.0003;-0.2267;0.3806;0.7253;21.940412
545;6004;0.0003;-0.2270;0.3806;0.7213;21.940416
545;6005;0.0003;-0.2272;0.3803;0.7253;21.940420
545;6006;0.0003;-0.2272;0.3799;0.7314;21.940424
545;6007;0.0003;-0.2273;0.3794;0.7374;21.940428
545;6008;0.0003;-0.2274;0.3792;0.7434;21.940432
545;6009;0.0003;-0.2277;0.3792;0.7474;21.940436
545;6010;0.0003;-0.2283;0.3796;0.7494;21.940440
545;6011;0.0003;-0.2289;0.3800;0.7494;21.940444
545;6012;0.0003;-0.2291;0.3799;0.7515;21.940448
545;6013;0.0003;-0.2292;0.3795;0.7595;21.940452
545;6014;0.0003;-0.2293;0.3791;0.7615;21.940456
545;6015;0.0003;-0.2295;0.3789;0.7635;21.940460
545;6016;0.0003;-0.2297;0.3787;0.7675;21.940464
545;6017;0.0003;-0.2297;0.3782;0.7695;21.940468
545;6018;0.0003;-0.2297;0.3776;0.7675;21.940472
545;6019;0.0003;-0.2299;0.3775;0.7615;21.940476
545;6020;0.0003;-0.2303;0.3776;0.7575;21.940480
545;6021;0.0003;-0.2307;0.3778;0.7575;21.940484
545;6022;0.0003;-0.2311;0.3778;0.7555;21.940488
545;6023;0.0003;-0.2313;0.3777;0.7535;21.940492
545;6024;0.0003;-0.2313;0.3772;0.7494;21.940496
545;6025;0.0003;-0.2317;0.3772;0.7454;21.940500
545;6026;0.0003;-0.2319;0.3771;0.7434;21.940504
545;6027;0.0003;-0.2320;0.3768;0.7414;21.940508
545;6028;0.0003;-0.2321;0.3765;0.7414;21.940512
545;6029;0.0003;-0.2323;0.3763;0.7454;21.940516
545;6030;0.0003;-0.2324;0.3759;0.7494;21.940520
545;6031;0.0003;-0.2327;0.3758;0.7474;21.940524
545;6032;0.0003;-0.2330;0.3758;0.7494;21.940528
545;6033;0.0003;-0.2334;0.3759;0.7535;21.940532
545;6034;0.0003;-0.2336;0.3758;0.7555;21.940536
545;6035;0.0003;-0.2337;0.3755;0.7575;21.940540
545;6036;0.0003;-0.2339;0.3752;0.7595;21.940544
545;6037;0.0003;-0.2342;0.3751;0.7615;21.940548
545;6038;0.0003;-0.2344;0.3750;0.7655;21.940552
545;6039;0.0003;-0.2345;0.3747;0.7695;21.940556
545;6040;0.0003;-0.2346;0.3743;0.7715;21.940560
545;6041;0.0003;-0.2349;0.3742;0.7715;21.940564
545;6042;0.0003;-0.2351;0.3740;0.7736;21.940568
545;6043;0.0003;-0.2352;0.3736;0.7736;21.940572
545;6044;0.0003;-0.2353;0.3733;0.7695;21.940576
545;6045;0.0003;-0.2355;0.3732;0.7655;21.940580
545;6046;0.0003;-0.2357;0.3730;0.7635;21.940584
545;6047;0.0003;-0.2361;0.3731;0.7635;21.940588
545;6048;0.0003;-0.2364;0.3730;0.7615;21.940592
545;6049;0.0003;-0.2366;0.3729;0.7595;21.940596
545;6050;0.0003;-0.2368;0.3726;0.7555;21.940600
545;6051;0.0003;-0.2369;0.3723;0.7494;21.940604
545;6052;0.0003;-0.2371;0.3722;0.7454;21.940608
545;6053;0.0003;-0.2373;0.3720;0.7494;21.940612
545;6054;0.0003;-0.2377;0.3721;0.7555;21.940616
545;6055;0.0003;-0.2379;0.3719;0.7575;21.940620
545;6056;0.0003;-0.2379;0.3714;0.7595;21.940624
545;6057;0.0003;-0.2382;0.3713;0.7595;21.940628
545;6058;0.0003;-0.2384;0.3711;0.7555;21.940632
545;6059;0.0003;-0.2385;0.3708;0.7535;21.940636
545;6060;0.0003;-0.2386;0.3704;0.7535;21.940640
545;6061;0.0003;-0.2386;0.3700;0.7555;21.940644
545;6062;0.0003;-0.2387;0.3697;0.7635;21.940648
545;6063;0.0003;-0.2391;0.3698;0.7695;21.940652
545;6064;0.0003;-0.2396;0.3701;0.7695;21.940656
545;6065;0.0003;-0.2402;0.3704;0.7635;21.940660
545;6066;0.0003;-0.2404;0.3703;0.7575;21.940664
545;6067;0.0003;-0.2405;0.3700;0.7575;21.940668
545;6068;0.0003;-0.2408;0.3698;0.7595;21.940672
545;6069;0.0003;-0.2409;0.3695;0.7635;21.940676
545;6070;0.0003;-0.2411;0.3694;0.7635;21.940680
545;6071;0.0003;-0.2413;0.3692;0.7635;21.940684
545;6072;0.0003;-0.2416;0.3691;0.7675;21.940688
545;6073;0.0003;-0.2417;0.3688;0.7736;21.940692
545;6074;0.0003;-0.2418;0.3685;0.7796;21.940696
545;6075;0.0003;-0.2420;0.3682;0.7916;21.940700
545;6076;0.0003;-0.2424;0.3683;0.8057;21.940704
545;6077;0.0003;-0.2427;0.3683;0.8137;21.940708
545;6078;0.0003;-0.2427;0.3679;0.8157;21.940712
545;6079;0.0003;-0.2429;0.3676;0.8178;21.940716
545;6080;0.0003;-0.2431;0.3675;0.8178;21.940720
545;6081;0.0003;-0.2432;0.3671;0.8117;21.940724
545;6082;0.0003;-0.2435;0.3672;0.8037;21.940728
545;6083;0.0003;-0.2439;0.3672;0.7977;21.940732
545;6084;0.0003;-0.2440;0.3669;0.7936;21.940736
545;6085;0.0003;-0.2443;0.3669;0.7936;21.940740
545;6086;0.0003;-0.2442;0.3662;0.7957;21.940744
545;6087;0.0003;-0.2445;0.3662;0.7936;21.940748
545;6088;0.0003;-0.2448;0.3661;0.7916;21.940752
545;6089;0.0003;-0.2450;0.3659;0.7896;21.940756
545;6090;0.0003;-0.2451;0.3656;0.7916;21.940760
545;6091;0.0003;-0.2453;0.3655;0.8017;21.940764
545;6092;0.0003;-0.2456;0.3653;0.8077;21.940768
545;6093;0.0003;-0.2458;0.3653;0.8097;21.940772
545;6094;0.0003;-0.2461;0.3652;0.8017;21.940776
545;6095;0.0003;-0.2465;0.3652;0.7957;21.940780
545;6096;0.0003;-0.2466;0.3649;0.7977;21.940784
545;6097;0.0003;-0.2466;0.3645;0.8017;21.940788
545;6098;0.0003;-0.2470;0.3645;0.7957;21.940792
545;6099;0.0003;-0.2473;0.3644;0.7896;21.940796
545;6100;0.0003;-0.2474;0.3641;0.7876;21.940800
545;6101;0.0003;-0.2476;0.3640;0.7856;21.940804
545;6102;0.0003;-0.2479;0.3639;0.7796;21.940808
545;6103;0.0003;-0.2481;0.3637;0.7756;21.940812
545;6104;0.0003;-0.2483;0.3636;0.7715;21.940816
545;6105;0.0003;-0.2485;0.3634;0.7635;21.940820
545;6106;0.0003;-0.2488;0.3633;0.7615;21.940824
545;6107;0.0003;-0.2489;0.3630;0.7615;21.940828
545;6108;0.0003;-0.2490;0.3627;0.7638;21.940832
545;6109;0.0003;-0.2492;0.3625;0.7679;21.940836
545;6110;0.0003;-0.2496;0.3627;0.7715;21.940840
545;6111;0.0003;-0.2499;0.3626;0.7736;21.940844
545;6112;0.0003;-0.2501;0.3625;0.7756;21.940848
545;6113;0.0003;-0.2504;0.3623;0.7816;21.940852
545;6114;0.0003;-0.2505;0.3621;0.7796;21.940856
545;6115;0.0003;-0.2506;0.3617;0.7796;21.940860
545;6116;0.0003;-0.2509;0.3616;0.7856;21.940864
545;6117;0.0003;-0.2510;0.3613;0.7961;21.940868
545;6118;0.0003;-0.2511;0.3610;0.8001;21.940872
545;6119;0.0003;-0.2513;0.3608;0.8021;21.940876
545;6120;0.0003;-0.2516;0.3608;0.8001;21.940880
545;6121;0.0003;-0.2521;0.3610;0.7977;21.940884
545;6122;0.0003;-0.2523;0.3607;0.7977;21.940888
545;6123;0.0003;-0.2525;0.3606;0.7957;21.940892
545;6124;0.0003;-0.2528;0.3605;0.7957;21.940896
545;6125;0.0003;-0.2529;0.3602;0.7957;21.940900
545;6126;0.0003;-0.2530;0.3599;0.8001;21.940904
545;6127;0.0003;-0.2531;0.3596;0.8041;21.940908
545;6128;0.0003;-0.2533;0.3594;0.8082;21.940912
545;6129;0.0003;-0.2536;0.3594;0.8102;21.940916
545;6130;0.0003;-0.2540;0.3594;0.8097;21.940920
545;6131;0.0003;-0.2543;0.3594;0.8117;21.940924
545;6132;0.0003;-0.2545;0.3592;0.8117;21.940928
545;6133;0.0003;-0.2548;0.3592;0.8117;21.940932
545;6134;0.0003;-0.2550;0.3590;0.8137;21.940936
545;6135;0.0003;-0.2551;0.3586;0.8117;21.940940
545;6136;0.0003;-0.2554;0.3586;0.8097;21.940944
545;6137;0.0003;-0.2554;0.3582;0.8102;21.940948
545;6138;0.0003;-0.2554;0.3578;0.8082;21.940952
545;6139;0.0003;-0.2557;0.3576;0.8082;21.940956
545;6140;0.0003;-0.2559;0.3575;0.8061;21.940960
545;6141;0.0003;-0.2564;0.3577;0.8017;21.940964
545;6142;0.0003;-0.2566;0.3575;0.7957;21.940968
545;6143;0.0003;-0.2565;0.3570;0.7920;21.940972
545;6144;0.0003;-0.2564;0.3563;0.7880;21.940976
545;6145;0.0003;-0.2567;0.3563;0.7860;21.940980
545;6146;0.0003;-0.2567;0.3558;0.7840;21.940984
545;6147;0.0003;-0.2569;0.3556;0.7799;21.940988
545;6148;0.0003;-0.2572;0.3556;0.7719;21.940992
545;6149;0.0003;-0.2575;0.3555;0.7719;21.940996
545;6150;0.0003;-0.2577;0.3554;0.7759;21.941000
545;6151;0.0003;-0.2579;0.3552;0.7820;21.941004
545;6152;0.0003;-0.2581;0.3551;0.7961;21.941008
545;6153;0.0003;-0.2585;0.3551;0.8041;21.941012
545;6154;0.0003;-0.2588;0.3551;0.8001;21.941016
545;6155;0.0003;-0.2589;0.3548;0.7941;21.941020
545;6156;0.0003;-0.2590;0.3544;0.7920;21.941024
545;6157;0.0003;-0.2589;0.3539;0.7880;21.941028
545;6158;0.0003;-0.2593;0.3539;0.7880;21.941032
545;6159;0.0003;-0.2598;0.3541;0.7840;21.941036
545;6160;0.0003;-0.2603;0.3544;0.7820;21.941040
545;6161;0.0003;-0.2608;0.3545;0.7856;21.941044
545;6162;0.0003;-0.2610;0.3544;0.7997;21.941048
545;6163;0.0003;-0.2611;0.3540;0.8162;21.941052
545;6164;0.0003;-0.2610;0.3535;0.8263;21.941056
545;6165;0.0003;-0.2609;0.3529;0.8344;21.941060
545;6166;0.0003;-0.2611;0.3528;0.8364;21.941064
545;6167;0.0003;-0.2612;0.3524;0.8344;21.941068
545;6168;0.0003;-0.2616;0.3524;0.8344;21.941072
545;6169;0.0003;-0.2620;0.3525;0.8344;21.941076
545;6170;0.0003;-0.2621;0.3522;0.8444;21.941080
545;6171;0.0003;-0.2623;0.3520;0.8565;21.941084
545;6172;0.0003;-0.2624;0.3518;0.8666;21.941088
545;6173;0.0003;-0.2626;0.3516;0.8727;21.941092
545;6174;0.0003;-0.2626;0.3512;0.8686;21.941096
545;6175;0.0003;-0.2627;0.3508;0.8565;21.941100
545;6176;0.0003;-0.2634;0.3512;0.8485;21.941104
545;6177;0.0003;-0.2640;0.3516;0.8485;21.941108
545;6178;0.0003;-0.2641;0.3514;0.8424;21.941112
545;6179;0.0003;-0.2641;0.3509;0.8364;21.941116
545;6180;0.0003;-0.2646;0.3511;0.8323;21.941120
545;6181;0.0003;-0.2648;0.3509;0.8323;21.941124
545;6182;0.0003;-0.2649;0.3506;0.8283;21.941128
545;6183;0.0003;-0.2651;0.3504;0.8263;21.941132
545;6184;0.0003;-0.2655;0.3505;0.8223;21.941136
545;6185;0.0003;-0.2655;0.3501;0.8162;21.941140
545;6186;0.0003;-0.2654;0.3495;0.8142;21.941144
545;6187;0.0003;-0.2655;0.3492;0.8142;21.941148
545;6188;0.0003;-0.2659;0.3492;0.8102;21.941152
545;6189;0.0003;-0.2661;0.3490;0.8082;21.941156
545;6190;0.0003;-0.2662;0.3487;0.8142;21.941160
545;6191;0.0003;-0.2663;0.3484;0.8182;21.941164
545;6192;0.0003;-0.2664;0.3481;0.8142;21.941168
545;6193;0.0003;-0.2667;0.3481;0.8122;21.941172
545;6194;0.0003;-0.2670;0.3481;0.8162;21.941176
545;6195;0.0003;-0.2672;0.3479;0.8243;21.941180
545;6196;0.0003;-0.2675;0.3477;0.8283;21.941184
545;6197;0.0003;-0.2678;0.3477;0.8283;21.941188
545;6198;0.0003;-0.2682;0.3478;0.8243;21.941192
545;6199;0.0003;-0.2683;0.3475;0.8243;21.941196
545;6200;0.0003;-0.2683;0.3471;0.8263;21.941200
545;6201;0.0003;-0.2683;0.3466;0.8283;21.941204
545;6202;0.0003;-0.2685;0.3464;0.8283;21.941208
545;6203;0.0003;-0.2689;0.3466;0.8283;21.941212
545;6204;0.0003;-0.2692;0.3464;0.8243;21.941216
545;6205;0.0003;-0.2695;0.3464;0.8203;21.941220
545;6206;0.0003;-0.2697;0.3462;0.8223;21.941224
545;6207;0.0003;-0.2699;0.3461;0.8283;21.941228
545;6208;0.0003;-0.2700;0.3458;0.8323;21.941232
545;6209;0.0003;-0.2702;0.3456;0.8344;21.941236
545;6210;0.0003;-0.2706;0.3456;0.8364;21.941240
545;6211;0.0003;-0.2708;0.3455;0.8344;21.941244
545;6212;0.0003;-0.2710;0.3452;0.8303;21.941248
545;6213;0.0003;-0.2711;0.3449;0.8283;21.941252
545;6214;0.0003;-0.2713;0.3447;0.8303;21.941256
545;6215;0.0003;-0.2717;0.3448;0.8323;21.941260
545;6216;0.0003;-0.2720;0.3448;0.8404;21.941264
545;6217;0.0003;-0.2720;0.3444;0.8485;21.941268
545;6218;0.0003;-0.2721;0.3441;0.8545;21.941272
545;6219;0.0003;-0.2725;0.3441;0.8585;21.941276
545;6220;0.0003;-0.2727;0.3440;0.8545;21.941280
545;6221;0.0003;-0.2730;0.3438;0.8505;21.941284
545;6222;0.0003;-0.2732;0.3437;0.8424;21.941288
545;6223;0.0003;-0.2734;0.3435;0.8364;21.941292
545;6224;0.0003;-0.2736;0.3433;0.8344;21.941296
545;6225;0.0003;-0.2738;0.3432;0.8323;21.941300
545;6226;0.0003;-0.2739;0.3429;0.8323;21.941304
545;6227;0.0003;-0.2739;0.3424;0.8283;21.941308
545;6228;0.0003;-0.2740;0.3421;0.8203;21.941312
545;6229;0.0003;-0.2742;0.3419;0.8203;21.941316
545;6230;0.0003;-0.2747;0.3421;0.8243;21.941320
545;6231;0.0003;-0.2749;0.3419;0.8263;21.941324
545;6232;0.0003;-0.2752;0.3419;0.8283;21.941328
545;6233;0.0003;-0.2756;0.3420;0.8323;21.941332
545;6234;0.0003;-0.2759;0.3419;0.8424;21.941336
545;6235;0.0003;-0.2762;0.3418;0.8485;21.941340
545;6236;0.0003;-0.2761;0.3413;0.8505;21.941344
545;6237;0.0003;-0.2761;0.3409;0.8505;21.941348
545;6238;0.0003;-0.2762;0.3406;0.8505;21.941352
545;6239;0.0003;-0.2765;0.3405;0.8485;21.941356
545;6240;0.0003;-0.2767;0.3404;0.8505;21.941360
545;6241;0.0003;-0.2768;0.3401;0.8585;21.941364
545;6242;0.0003;-0.2772;0.3400;0.8606;21.941368
545;6243;0.0003;-0.2775;0.3400;0.8565;21.941372
545;6244;0.0003;-0.2776;0.3397;0.8565;21.941376
545;6245;0.0003;-0.2780;0.3398;0.8606;21.941380
545;6246;0.0003;-0.2782;0.3396;0.8606;21.941384
545;6247;0.0003;-0.2783;0.3393;0.8525;21.941388
545;6248;0.0003;-0.2786;0.3392;0.8424;21.941392
545;6249;0.0003;-0.2788;0.3390;0.8384;21.941396
545;6250;0.0003;-0.2790;0.3389;0.8404;21.941400
545;6251;0.0003;-0.2794;0.3389;0.8444;21.941404
545;6252;0.0003;-0.2794;0.3386;0.8505;21.941408
545;6253;0.0003;-0.2796;0.3384;0.8505;21.941412
545;6254;0.0003;-0.2798;0.3381;0.8485;21.941416
545;6255;0.0003;-0.2799;0.3378;0.8485;21.941420
545;6256;0.0003;-0.2801;0.3376;0.8465;21.941424
545;6257;0.0003;-0.2803;0.3375;0.8424;21.941428
545;6258;0.0003;-0.2804;0.3371;0.8444;21.941432
545;6259;0.0003;-0.2806;0.3370;0.8465;21.941436
545;6260;0.0003;-0.2809;0.3370;0.8465;21.941440
545;6261;0.0003;-0.2812;0.3369;0.8404;21.941444
545;6262;0.0003;-0.2813;0.3366;0.8384;21.941448
545;6263;0.0003;-0.2815;0.3364;0.8404;21.941452
545;6264;0.0003;-0.2816;0.3361;0.8384;21.941456
545;6265;0.0003;-0.2817;0.3358;0.8303;21.941460
545;6266;0.0003;-0.2821;0.3359;0.8223;21.941464
545;6267;0.0003;-0.2827;0.3361;0.8182;21.941468
545;6268;0.0003;-0.2830;0.3361;0.8142;21.941472
545;6269;0.0003;-0.2830;0.3356;0.8142;21.941476
545;6270;0.0002;-0.2830;0.3352;0.8182;21.941480
545;6271;0.0002;-0.2832;0.3351;0.8243;21.941484
545;6272;0.0002;-0.2835;0.3350;0.8283;21.941488
545;6273;0.0002;-0.2840;0.3352;0.8323;21.941492
545;6274;0.0002;-0.2843;0.3351;0.8364;21.941496
545;6275;0.0002;-0.2843;0.3347;0.8384;21.941500
545;6276;0.0002;-0.2843;0.3343;0.8384;21.941504
545;6277;0.0002;-0.2845;0.3342;0.8384;21.941508
545;6278;0.0002;-0.2847;0.3340;0.8424;21.941512
545;6279;0.0002;-0.2850;0.3339;0.8424;21.941516
545;6280;0.0002;-0.2855;0.3340;0.8404;21.941520
545;6281;0.0002;-0.2857;0.3338;0.8384;21.941524
545;6282;0.0002;-0.2859;0.3337;0.8344;21.941528
545;6283;0.0002;-0.2861;0.3335;0.8323;21.941532
545;6284;0.0002;-0.2863;0.3333;0.8364;21.941536
545;6285;0.0002;-0.2864;0.3330;0.8404;21.941540
545;6286;0.0002;-0.2864;0.3326;0.8404;21.941544
545;6287;0.0002;-0.2865;0.3323;0.8344;21.941548
545;6288;0.0002;-0.2867;0.3321;0.8263;21.941552
545;6289;0.0002;-0.2870;0.3321;0.8182;21.941556
545;6290;0.0002;-0.2875;0.3323;0.8082;21.941560
545;6291;0.0002;-0.2879;0.3322;0.8001;21.941564
545;6292;0.0002;-0.2878;0.3318;0.7961;21.941568
545;6293;0.0002;-0.2881;0.3317;0.7961;21.941572
545;6294;0.0002;-0.2885;0.3318;0.7961;21.941576
545;6295;0.0002;-0.2887;0.3316;0.7961;21.941580
545;6296;0.0002;-0.2889;0.3314;0.7981;21.941584
545;6297;0.0002;-0.2888;0.3309;0.8021;21.941588
545;6298;0.0002;-0.2888;0.3305;0.8041;21.941592
545;6299;0.0002;-0.2888;0.3300;0.8122;21.941596
545;6300;0.0002;-0.2888;0.3297;0.8142;21.941600
545;6301;0.0002;-0.2894;0.3299;0.8061;21.941604
545;6302;0.0002;-0.2900;0.3301;0.8021;21.941608
545;6303;0.0002;-0.2902;0.3300;0.8001;21.941612
545;6304;0.0002;-0.2901;0.3295;0.8001;21.941616
545;6305;0.0002;-0.2904;0.3294;0.8061;21.941620
545;6306;0.0002;-0.2906;0.3293;0.8122;21.941624
545;6307;0.0002;-0.2907;0.3289;0.8122;21.941628
545;6308;0.0002;-0.2910;0.3289;0.8162;21.941632
545;6309;0.0002;-0.2915;0.3290;0.8223;21.941636
545;6310;0.0002;-0.2918;0.3289;0.8283;21.941640
545;6311;0.0002;-0.2919;0.3287;0.8303;21.941644
545;6312;0.0002;-0.2921;0.3285;0.8223;21.941648
545;6313;0.0002;-0.2923;0.3283;0.8182;21.941652
545;6314;0.0002;-0.2926;0.3282;0.8182;21.941656
545;6315;0.0002;-0.2928;0.3280;0.8182;21.941660
545;6316;0.0002;-0.2927;0.3275;0.8122;21.941664
545;6317;0.0002;-0.2927;0.3271;0.8082;21.941668
545;6318;0.0002;-0.2929;0.3270;0.8061;21.941672
545;6319;0.0002;-0.2934;0.3271;0.8082;21.941676
545;6320;0.0002;-0.2935;0.3268;0.8102;21.941680
545;6321;0.0002;-0.2935;0.3264;0.8142;21.941684
545;6322;0.0002;-0.2937;0.3263;0.8162;21.941688
545;6323;0.0002;-0.2939;0.3261;0.8223;21.941692
545;6324;0.0002;-0.2944;0.3262;0.8263;21.941696
545;6325;0.0002;-0.2945;0.3259;0.8223;21.941700
545;6326;0.0002;-0.2945;0.3254;0.8102;21.941704
545;6327;0.0002;-0.2947;0.3253;0.7981;21.941708
545;6328;0.0002;-0.2952;0.3255;0.7941;21.941712
545;6329;0.0002;-0.2960;0.3259;0.7916;21.941716
545;6330;0.0002;-0.2961;0.3257;0.7936;21.941720
545;6331;0.0002;-0.2963;0.3254;0.7977;21.941724
545;6332;0.0002;-0.2961;0.3249;0.8082;21.941728
545;6333;0.0002;-0.2961;0.3244;0.8122;21.941732
545;6334;0.0002;-0.2963;0.3242;0.8142;21.941736
545;6335;0.0002;-0.2967;0.3243;0.8182;21.941740
545;6336;0.0002;-0.2970;0.3242;0.8203;21.941744
545;6337;0.0002;-0.2972;0.3240;0.8182;21.941748
545;6338;0.0002;-0.2974;0.3239;0.8142;21.941752
545;6339;0.0002;-0.2976;0.3237;0.8082;21.941756
545;6340;0.0002;-0.2977;0.3234;0.8082;21.941760
545;6341;0.0002;-0.2981;0.3235;0.8102;21.941764
545;6342;0.0002;-0.2985;0.3235;0.8037;21.941768
545;6343;0.0002;-0.2987;0.3233;0.7977;21.941772
545;6344;0.0002;-0.2989;0.3231;0.7876;21.941776
545;6345;0.0002;-0.2992;0.3230;0.7756;21.941780
545;6346;0.0002;-0.2994;0.3228;0.7695;21.941784
545;6347;0.0002;-0.2995;0.3225;0.7655;21.941788
545;6348;0.0002;-0.2995;0.3222;0.7658;21.941792
545;6349;0.0002;-0.2998;0.3221;0.7635;21.941796
545;6350;0.0002;-0.3002;0.3221;0.7635;21.941800
545;6351;0.0002;-0.3003;0.3218;0.7635;21.941804
545;6352;0.0002;-0.3005;0.3217;0.7675;21.941808
545;6353;0.0002;-0.3007;0.3215;0.7796;21.941812
545;6354;0.0002;-0.3009;0.3213;0.7876;21.941816
545;6355;0.0002;-0.3012;0.3212;0.7876;21.941820
545;6356;0.0002;-0.3014;0.3210;0.7836;21.941824
545;6357;0.0002;-0.3016;0.3208;0.7796;21.941828
545;6358;0.0002;-0.3018;0.3206;0.7776;21.941832
545;6359;0.0002;-0.3019;0.3204;0.7756;21.941836
545;6360;0.0002;-0.3022;0.3203;0.7776;21.941840
545;6361;0.0002;-0.3023;0.3200;0.7776;21.941844
545;6362;0.0002;-0.3023;0.3196;0.7820;21.941848
545;6363;0.0002;-0.3025;0.3194;0.7880;21.941852
545;6364;0.0002;-0.3029;0.3195;0.7936;21.941856
545;6365;0.0002;-0.3031;0.3193;0.7977;21.941860
545;6366;0.0002;-0.3033;0.3191;0.7977;21.941864
545;6367;0.0002;-0.3036;0.3190;0.7977;21.941868
545;6368;0.0002;-0.3038;0.3188;0.7997;21.941872
545;6369;0.0002;-0.3041;0.3188;0.8037;21.941876
545;6370;0.0002;-0.3045;0.3188;0.8037;21.941880
545;6371;0.0002;-0.3044;0.3183;0.7997;21.941884
545;6372;0.0002;-0.3044;0.3180;0.7977;21.941888
545;6373;0.0002;-0.3046;0.3178;0.7936;21.941892
545;6374;0.0002;-0.3050;0.3177;0.7916;21.941896
545;6375;0.0002;-0.3053;0.3177;0.7936;21.941900
545;6376;0.0002;-0.3056;0.3176;0.7957;21.941904
545;6377;0.0002;-0.3059;0.3175;0.8017;21.941908
545;6378;0.0002;-0.3061;0.3173;0.8017;21.941912
545;6379;0.0002;-0.3059;0.3168;0.7957;21.941916
545;6380;0.0002;-0.3060;0.3164;0.7896;21.941920
545;6381;0.0002;-0.3062;0.3163;0.7896;21.941924
545;6382;0.0002;-0.3065;0.3161;0.7856;21.941928
545;6383;0.0002;-0.3065;0.3158;0.7796;21.941932
545;6384;0.0002;-0.3066;0.3155;0.7799;21.941936
545;6385;0.0002;-0.3069;0.3154;0.7816;21.941940
545;6386;0.0002;-0.3072;0.3153;0.7856;21.941944
545;6387;0.0002;-0.3075;0.3153;0.7836;21.941948
545;6388;0.0002;-0.3077;0.3151;0.7836;21.941952
545;6389;0.0002;-0.3080;0.3150;0.7836;21.941956
545;6390;0.0002;-0.3086;0.3152;0.7796;21.941960
545;6391;0.0002;-0.3088;0.3150;0.7715;21.941964
545;6392;0.0002;-0.3088;0.3147;0.7675;21.941968
545;6393;0.0002;-0.3093;0.3148;0.7695;21.941972
545;6394;0.0002;-0.3096;0.3147;0.7715;21.941976
545;6395;0.0002;-0.3095;0.3143;0.7715;21.941980
545;6396;0.0002;-0.3095;0.3138;0.7695;21.941984
545;6397;0.0002;-0.3097;0.3137;0.7695;21.941988
545;6398;0.0002;-0.3099;0.3135;0.7756;21.941992
545;6399;0.0002;-0.3101;0.3133;0.7796;21.941996
545;6400;0.0002;-0.3103;0.3131;0.7816;21.942000
545;6401;0.0002;-0.3103;0.3128;0.7856;21.942004
545;6402;0.0002;-0.3107;0.3128;0.7876;21.942008
545;6403;0.0002;-0.3109;0.3125;0.7876;21.942012
545;6404;0.0002;-0.3109;0.3122;0.7836;21.942016
545;6405;0.0002;-0.3111;0.3120;0.7796;21.942020
545;6406;0.0002;-0.3115;0.3120;0.7776;21.942024
545;6407;0.0002;-0.3117;0.3118;0.7776;21.942028
545;6408;0.0002;-0.3118;0.3116;0.7776;21.942032
545;6409;0.0002;-0.3119;0.3112;0.7776;21.942036
545;6410;0.0002;-0.3123;0.3113;0.7776;21.942040
545;6411;0.0002;-0.3129;0.3115;0.7796;21.942044
545;6412;0.0002;-0.3131;0.3114;0.7816;21.942048
545;6413;0.0002;-0.3133;0.3112;0.7836;21.942052
545;6414;0.0002;-0.3137;0.3111;0.7796;21.942056
545;6415;0.0002;-0.3140;0.3111;0.7776;21.942060
545;6416;0.0002;-0.3142;0.3109;0.7776;21.942064
545;6417;0.0002;-0.3142;0.3105;0.7796;21.942068
545;6418;0.0002;-0.3146;0.3105;0.7796;21.942072
545;6419;0.0002;-0.3148;0.3103;0.7776;21.942076
545;6420;0.0002;-0.3148;0.3100;0.7736;21.942080
545;6421;0.0002;-0.3149;0.3096;0.7736;21.942084
545;6422;0.0002;-0.3150;0.3094;0.7796;21.942088
545;6423;0.0002;-0.3152;0.3092;0.7796;21.942092
545;6424;0.0002;-0.3151;0.3087;0.7736;21.942096
545;6425;0.0002;-0.3153;0.3085;0.7675;21.942100
545;6426;0.0002;-0.3158;0.3087;0.7675;21.942104
545;6427;0.0002;-0.3164;0.3089;0.7715;21.942108
545;6428;0.0002;-0.3166;0.3087;0.7756;21.942112
545;6429;0.0002;-0.3168;0.3085;0.7836;21.942116
545;6430;0.0002;-0.3169;0.3082;0.7977;21.942120
545;6431;0.0002;-0.3170;0.3080;0.8077;21.942124
545;6432;0.0002;-0.3172;0.3078;0.8157;21.942128
545;6433;0.0002;-0.3176;0.3078;0.8178;21.942132
545;6434;0.0002;-0.3178;0.3076;0.8178;21.942136
545;6435;0.0002;-0.3180;0.3074;0.8198;21.942140
545;6436;0.0002;-0.3182;0.3072;0.8198;21.942144
545;6437;0.0002;-0.3184;0.3070;0.8157;21.942148
545;6438;0.0002;-0.3185;0.3067;0.8137;21.942152
545;6439;0.0002;-0.3187;0.3065;0.8117;21.942156
545;6440;0.0002;-0.3189;0.3064;0.8097;21.942160
545;6441;0.0002;-0.3191;0.3062;0.8057;21.942164
545;6442;0.0002;-0.3193;0.3060;0.7977;21.942168
545;6443;0.0002;-0.3197;0.3060;0.7916;21.942172
545;6444;0.0002;-0.3198;0.3058;0.7876;21.942176
545;6445;0.0002;-0.3200;0.3056;0.7796;21.942180
545;6446;0.0002;-0.3201;0.3052;0.7695;21.942184
545;6447;0.0002;-0.3203;0.3050;0.7655;21.942188
545;6448;0.0002;-0.3204;0.3049;0.7655;21.942192
545;6449;0.0002;-0.3208;0.3048;0.7635;21.942196
545;6450;0.0002;-0.3210;0.3046;0.7635;21.942200
545;6451;0.0002;-0.3210;0.3043;0.7635;21.942204
545;6452;0.0002;-0.3211;0.3040;0.7575;21.942208
545;6453;0.0002;-0.3214;0.3039;0.7494;21.942212
545;6454;0.0002;-0.3217;0.3038;0.7474;21.942216
545;6455;0.0002;-0.3218;0.3035;0.7474;21.942220
545;6456;0.0002;-0.3219;0.3033;0.7434;21.942224
545;6457;0.0002;-0.3223;0.3032;0.7414;21.942228
545;6458;0.0002;-0.3227;0.3033;0.7474;21.942232
545;6459;0.0002;-0.3230;0.3032;0.7535;21.942236
545;6460;0.0002;-0.3233;0.3031;0.7575;21.942240
545;6461;0.0002;-0.3235;0.3029;0.7655;21.942244
545;6462;0.0002;-0.3239;0.3028;0.7736;21.942248
545;6463;0.0002;-0.3240;0.3026;0.7776;21.942252
545;6464;0.0002;-0.3242;0.3024;0.7816;21.942256
545;6465;0.0002;-0.3244;0.3022;0.7836;21.942260
545;6466;0.0002;-0.3246;0.3020;0.7836;21.942264
545;6467;0.0002;-0.3246;0.3017;0.7816;21.942268
545;6468;0.0002;-0.3247;0.3014;0.7776;21.942272
545;6469;0.0002;-0.3250;0.3013;0.7695;21.942276
545;6470;0.0002;-0.3253;0.3012;0.7595;21.942280
545;6471;0.0002;-0.3255;0.3010;0.7555;21.942284
545;6472;0.0002;-0.3256;0.3007;0.7555;21.942288
545;6473;0.0002;-0.3260;0.3008;0.7535;21.942292
545;6474;0.0002;-0.3262;0.3006;0.7474;21.942296
545;6475;0.0002;-0.3263;0.3002;0.7434;21.942300
545;6476;0.0002;-0.3265;0.3000;0.7434;21.942304
545;6477;0.0002;-0.3268;0.3000;0.7454;21.942308
545;6478;0.0002;-0.3268;0.2996;0.7494;21.942312
545;6479;0.0002;-0.3269;0.2993;0.7535;21.942316
545;6480;0.0002;-0.3272;0.2992;0.7555;21.942320
545;6481;0.0002;-0.3277;0.2993;0.7595;21.942324
545;6482;0.0002;-0.3281;0.2993;0.7655;21.942328
545;6483;0.0002;-0.3286;0.2994;0.7715;21.942332
545;6484;0.0002;-0.3288;0.2992;0.7776;21.942336
545;6485;0.0002;-0.3288;0.2988;0.7796;21.942340
545;6486;0.0002;-0.3287;0.2984;0.7796;21.942344
545;6487;0.0002;-0.3288;0.2981;0.7816;21.942348
545;6488;0.0002;-0.3288;0.2978;0.7796;21.942352
545;6489;0.0002;-0.3291;0.2977;0.7776;21.942356
545;6490;0.0002;-0.3295;0.2977;0.7756;21.942360
545;6491;0.0002;-0.3299;0.2976;0.7756;21.942364
545;6492;0.0002;-0.3301;0.2974;0.7736;21.942368
545;6493;0.0002;-0.3304;0.2974;0.7715;21.942372
545;6494;0.0002;-0.3304;0.2970;0.7675;21.942376
545;6495;0.0002;-0.3304;0.2967;0.7615;21.942380
545;6496;0.0002;-0.3308;0.2966;0.7535;21.942384
545;6497;0.0002;-0.3312;0.2966;0.7494;21.942388
545;6498;0.0002;-0.3313;0.2963;0.7494;21.942392
545;6499;0.0002;-0.3313;0.2960;0.7494;21.942396
545;6500;0.0002;-0.3317;0.2960;0.7515;21.942400
545;6501;0.0002;-0.3321;0.2959;0.7555;21.942404
545;6502;0.0002;-0.3322;0.2957;0.7595;21.942408
545;6503;0.0002;-0.3323;0.2954;0.7575;21.942412
545;6504;0.0002;-0.3324;0.2951;0.7575;21.942416
545;6505;0.0002;-0.3326;0.2950;0.7615;21.942420
545;6506;0.0002;-0.3331;0.2950;0.7615;21.942424
545;6507;0.0002;-0.3335;0.2950;0.7655;21.942428
545;6508;0.0002;-0.3339;0.2950;0.7715;21.942432
545;6509;0.0002;-0.3338;0.2946;0.7776;21.942436
545;6510;0.0002;-0.3338;0.2942;0.7796;21.942440
545;6511;0.0002;-0.3342;0.2941;0.7776;21.942444
545;6512;0.0002;-0.3344;0.2940;0.7756;21.942448
545;6513;0.0002;-0.3348;0.2939;0.7756;21.942452
545;6514;0.0002;-0.3351;0.2939;0.7756;21.942456
545;6515;0.0002;-0.3353;0.2937;0.7736;21.942460
545;6516;0.0002;-0.3355;0.2935;0.7695;21.942464
545;6517;0.0002;-0.3358;0.2934;0.7655;21.942468
545;6518;0.0002;-0.3360;0.2932;0.7595;21.942472
545;6519;0.0002;-0.3358;0.2927;0.7575;21.942476
545;6520;0.0002;-0.3362;0.2926;0.7575;21.942480
545;6521;0.0002;-0.3365;0.2926;0.7555;21.942484
545;6522;0.0002;-0.3368;0.2924;0.7515;21.942488
545;6523;0.0002;-0.3371;0.2923;0.7474;21.942492
545;6524;0.0002;-0.3374;0.2923;0.7414;21.942496
545;6525;0.0002;-0.3376;0.2921;0.7374;21.942500
545;6526;0.0002;-0.3375;0.2916;0.7394;21.942504
545;6527;0.0002;-0.3374;0.2912;0.7414;21.942508
545;6528;0.0002;-0.3376;0.2910;0.7454;21.942512
545;6529;0.0002;-0.3380;0.2910;0.7454;21.942516
545;6530;0.0002;-0.3382;0.2908;0.7474;21.942520
545;6531;0.0002;-0.3383;0.2905;0.7474;21.942524
545;6532;0.0002;-0.3388;0.2906;0.7535;21.942528
545;6533;0.0002;-0.3390;0.2904;0.7595;21.942532
545;6534;0.0002;-0.3389;0.2899;0.7595;21.942536
545;6535;0.0002;-0.3394;0.2900;0.7575;21.942540
545;6536;0.0002;-0.3399;0.2901;0.7595;21.942544
545;6537;0.0002;-0.3403;0.2900;0.7635;21.942548
545;6538;0.0002;-0.3406;0.2899;0.7715;21.942552
545;6539;0.0002;-0.3408;0.2897;0.7756;21.942556
545;6540;0.0002;-0.3410;0.2896;0.7736;21.942560
545;6541;0.0002;-0.3410;0.2892;0.7715;21.942564
545;6542;0.0002;-0.3409;0.2887;0.7736;21.942568
545;6543;0.0002;-0.3410;0.2884;0.7836;21.942572
545;6544;0.0002;-0.3411;0.2882;0.7936;21.942576
545;6545;0.0002;-0.3413;0.2880;0.7957;21.942580
545;6546;0.0002;-0.3415;0.2878;0.7876;21.942584
545;6547;0.0002;-0.3419;0.2878;0.7796;21.942588
545;6548;0.0002;-0.3424;0.2878;0.7695;21.942592
545;6549;0.0002;-0.3426;0.2876;0.7595;21.942596
545;6550;0.0002;-0.3424;0.2872;0.7535;21.942600
545;6551;0.0002;-0.3426;0.2869;0.7474;21.942604
545;6552;0.0002;-0.3429;0.2869;0.7494;21.942608
545;6553;0.0002;-0.3433;0.2868;0.7555;21.942612
545;6554;0.0002;-0.3437;0.2868;0.7575;21.942616
545;6555;0.0002;-0.3437;0.2864;0.7575;21.942620
545;6556;0.0002;-0.3439;0.2862;0.7615;21.942624
545;6557;0.0002;-0.3440;0.2859;0.7635;21.942628
545;6558;0.0002;-0.3438;0.2855;0.7635;21.942632
545;6559;0.0002;-0.3443;0.2855;0.7595;21.942636
545;6560;0.0002;-0.3447;0.2855;0.7555;21.942640
545;6561;0.0002;-0.3452;0.2855;0.7535;21.942644
545;6562;0.0002;-0.3456;0.2855;0.7515;21.942648
545;6563;0.0002;-0.3455;0.2851;0.7474;21.942652
545;6564;0.0002;-0.3457;0.2849;0.7474;21.942656
545;6565;0.0002;-0.3457;0.2846;0.7494;21.942660
545;6566;0.0002;-0.3459;0.2844;0.7515;21.942664
545;6567;0.0002;-0.3462;0.2843;0.7515;21.942668
545;6568;0.0002;-0.3468;0.2844;0.7515;21.942672
545;6569;0.0002;-0.3471;0.2843;0.7515;21.942676
545;6570;0.0002;-0.3473;0.2841;0.7494;21.942680
545;6571;0.0002;-0.3472;0.2836;0.7474;21.942684
545;6572;0.0002;-0.3473;0.2833;0.7454;21.942688
545;6573;0.0002;-0.3475;0.2832;0.7414;21.942692
545;6574;0.0002;-0.3477;0.2830;0.7394;21.942696
545;6575;0.0002;-0.3479;0.2828;0.7394;21.942700
545;6576;0.0002;-0.3480;0.2825;0.7414;21.942704
545;6577;0.0002;-0.3480;0.2821;0.7454;21.942708
545;6578;0.0002;-0.3483;0.2821;0.7494;21.942712
545;6579;0.0002;-0.3486;0.2819;0.7494;21.942716
545;6580;0.0002;-0.3493;0.2821;0.7474;21.942720
545;6581;0.0002;-0.3498;0.2822;0.7434;21.942724
545;6582;0.0002;-0.3501;0.2821;0.7454;21.942728
545;6583;0.0002;-0.3501;0.2817;0.7515;21.942732
545;6584;0.0002;-0.3503;0.2815;0.7575;21.942736
545;6585;0.0002;-0.3503;0.2812;0.7615;21.942740
545;6586;0.0002;-0.3506;0.2811;0.7655;21.942744
545;6587;0.0002;-0.3508;0.2809;0.7635;21.942748
545;6588;0.0002;-0.3507;0.2804;0.7535;21.942752
545;6589;0.0002;-0.3510;0.2803;0.7394;21.942756
545;6590;0.0002;-0.3512;0.2801;0.7334;21.942760
545;6591;0.0002;-0.3515;0.2800;0.7314;21.942764
545;6592;0.0002;-0.3518;0.2799;0.7293;21.942768
545;6593;0.0002;-0.3521;0.2798;0.7293;21.942772
545;6594;0.0002;-0.3522;0.2795;0.7293;21.942776
545;6595;0.0002;-0.3522;0.2792;0.7253;21.942780
545;6596;0.0002;-0.3526;0.2791;0.7213;21.942784
545;6597;0.0002;-0.3531;0.2791;0.7194;21.942788
545;6598;0.0002;-0.3532;0.2789;0.7274;21.942792
545;6599;0.0002;-0.3534;0.2787;0.7334;21.942796
545;6600;0.0002;-0.3537;0.2786;0.7374;21.942800
545;6601;0.0002;-0.3542;0.2786;0.7354;21.942804
545;6602;0.0002;-0.3543;0.2784;0.7314;21.942808
545;6603;0.0002;-0.3543;0.2780;0.7294;21.942812
545;6604;0.0002;-0.3545;0.2778;0.7254;21.942816
545;6605;0.0002;-0.3548;0.2777;0.7194;21.942820
545;6606;0.0002;-0.3552;0.2776;0.7154;21.942824
545;6607;0.0002;-0.3555;0.2775;0.7134;21.942828
545;6608;0.0002;-0.3555;0.2772;0.7154;21.942832
545;6609;0.0002;-0.3557;0.2770;0.7154;21.942836
545;6610;0.0002;-0.3558;0.2768;0.7194;21.942840
545;6611;0.0002;-0.3560;0.2765;0.7254;21.942844
545;6612;0.0002;-0.3562;0.2763;0.7314;21.942848
545;6613;0.0002;-0.3562;0.2760;0.7394;21.942852
545;6614;0.0002;-0.3564;0.2758;0.7454;21.942856
545;6615;0.0002;-0.3565;0.2755;0.7454;21.942860
545;6616;0.0002;-0.3570;0.2756;0.7434;21.942864
545;6617;0.0002;-0.3576;0.2757;0.7474;21.942868
545;6618;0.0002;-0.3577;0.2754;0.7474;21.942872
545;6619;0.0002;-0.3578;0.2751;0.7454;21.942876
545;6620;0.0002;-0.3577;0.2747;0.7414;21.942880
545;6621;0.0002;-0.3579;0.2745;0.7434;21.942884
545;6622;0.0002;-0.3586;0.2747;0.7414;21.942888
545;6623;0.0002;-0.3586;0.2743;0.7374;21.942892
545;6624;0.0002;-0.3584;0.2739;0.7294;21.942896
545;6625;0.0002;-0.3588;0.2738;0.7214;21.942900
545;6626;0.0002;-0.3591;0.2737;0.7174;21.942904
545;6627;0.0002;-0.3594;0.2736;0.7174;21.942908
545;6628;0.0002;-0.3597;0.2734;0.7154;21.942912
545;6629;0.0002;-0.3600;0.2733;0.7134;21.942916
545;6630;0.0002;-0.3603;0.2732;0.7134;21.942920
545;6631;0.0002;-0.3606;0.2731;0.7134;21.942924
545;6632;0.0002;-0.3609;0.2730;0.7154;21.942928
545;6633;0.0002;-0.3611;0.2727;0.7194;21.942932
545;6634;0.0001;-0.3612;0.2725;0.7174;21.942936
545;6635;0.0001;-0.3613;0.2722;0.7134;21.942940
545;6636;0.0001;-0.3617;0.2722;0.7114;21.942944
545;6637;0.0001;-0.3621;0.2721;0.7074;21.942948
545;6638;0.0001;-0.3621;0.2717;0.7034;21.942952
545;6639;0.0001;-0.3620;0.2713;0.7014;21.942956
545;6640;0.0001;-0.3622;0.2711;0.7034;21.942960
545;6641;0.0001;-0.3623;0.2709;0.7034;21.942964
545;6642;0.0001;-0.3627;0.2708;0.7014;21.942968
545;6643;0.0001;-0.3629;0.2706;0.7014;21.942972
545;6644;0.0001;-0.3632;0.2705;0.6993;21.942976
545;6645;0.0001;-0.3635;0.2704;0.6933;21.942980
545;6646;0.0001;-0.3636;0.2701;0.6893;21.942984
545;6647;0.0001;-0.3637;0.2699;0.6933;21.942988
545;6648;0.0001;-0.3642;0.2699;0.6973;21.942992
545;6649;0.0001;-0.3648;0.2699;0.6973;21.942996
545;6650;0.0001;-0.3649;0.2697;0.6953;21.943000
545;6651;0.0001;-0.3651;0.2695;0.6933;21.943004
545;6652;0.0001;-0.3653;0.2693;0.6893;21.943008
545;6653;0.0001;-0.3654;0.2691;0.6833;21.943012
545;6654;0.0001;-0.3654;0.2687;0.6833;21.943016
545;6655;0.0001;-0.3656;0.2685;0.6853;21.943020
545;6656;0.0001;-0.3659;0.2684;0.6893;21.943024
545;6657;0.0001;-0.3661;0.2681;0.6933;21.943028
545;6658;0.0001;-0.3663;0.2679;0.6973;21.943032
545;6659;0.0001;-0.3666;0.2678;0.6993;21.943036
545;6660;0.0001;-0.3672;0.2679;0.6973;21.943040
545;6661;0.0001;-0.3676;0.2678;0.6913;21.943044
545;6662;0.0001;-0.3677;0.2676;0.6853;21.943048
545;6663;0.0001;-0.3676;0.2672;0.6873;21.943052
545;6664;0.0001;-0.3675;0.2668;0.6873;21.943056
545;6665;0.0001;-0.3677;0.2665;0.6853;21.943060
545;6666;0.0001;-0.3680;0.2664;0.6833;21.943064
545;6667;0.0001;-0.3683;0.2663;0.6853;21.943068
545;6668;0.0001;-0.3686;0.2662;0.6873;21.943072
545;6669;0.0001;-0.3688;0.2660;0.6893;21.943076
545;6670;0.0001;-0.3694;0.2660;0.6933;21.943080
545;6671;0.0001;-0.3698;0.2660;0.6933;21.943084
545;6672;0.0001;-0.3701;0.2659;0.6913;21.943088
545;6673;0.0001;-0.3703;0.2656;0.6873;21.943092
545;6674;0.0001;-0.3704;0.2654;0.6833;21.943096
545;6675;0.0001;-0.3706;0.2652;0.6813;21.943100
545;6676;0.0001;-0.3707;0.2650;0.6853;21.943104
545;6677;0.0001;-0.3711;0.2649;0.6893;21.943108
545;6678;0.0001;-0.3711;0.2645;0.6933;21.943112
545;6679;0.0001;-0.3711;0.2642;0.6973;21.943116
545;6680;0.0001;-0.3711;0.2639;0.6993;21.943120
545;6681;0.0001;-0.3711;0.2635;0.6993;21.943124
545;6682;0.0001;-0.3716;0.2635;0.6993;21.943128
545;6683;0.0001;-0.3719;0.2634;0.6993;21.943132
545;6684;0.0001;-0.3719;0.2630;0.6973;21.943136
545;6685;0.0001;-0.3724;0.2630;0.6993;21.943140
545;6686;0.0001;-0.3725;0.2628;0.6993;21.943144
545;6687;0.0001;-0.3727;0.2626;0.6973;21.943148
545;6688;0.0001;-0.3730;0.2625;0.6933;21.943152
545;6689;0.0001;-0.3733;0.2623;0.6853;21.943156
545;6690;0.0001;-0.3737;0.2623;0.6813;21.943160
545;6691;0.0001;-0.3739;0.2621;0.6753;21.943164
545;6692;0.0001;-0.3742;0.2619;0.6733;21.943168
545;6693;0.0001;-0.3744;0.2617;0.6753;21.943172
545;6694;0.0001;-0.3745;0.2615;0.6813;21.943176
545;6695;0.0001;-0.3747;0.2613;0.6853;21.943180
545;6696;0.0001;-0.3747;0.2609;0.6933;21.943184
545;6697;0.0001;-0.3745;0.2604;0.6993;21.943188
545;6698;0.0001;-0.3746;0.2602;0.6993;21.943192
545;6699;0.0001;-0.3752;0.2602;0.7054;21.943196
545;6700;0.0001;-0.3758;0.2603;0.7154;21.943200
545;6701;0.0001;-0.3759;0.2600;0.7214;21.943204
545;6702;0.0001;-0.3762;0.2599;0.7214;21.943208
545;6703;0.0001;-0.3766;0.2598;0.7194;21.943212
545;6704;0.0001;-0.3770;0.2597;0.7214;21.943216
545;6705;0.0001;-0.3773;0.2596;0.7234;21.943220
545;6706;0.0001;-0.3776;0.2595;0.7254;21.943224
545;6707;0.0001;-0.3782;0.2596;0.7234;21.943228
545;6708;0.0001;-0.3785;0.2594;0.7234;21.943232
545;6709;0.0001;-0.3785;0.2591;0.7254;21.943236
545;6710;0.0001;-0.3785;0.2588;0.7274;21.943240
545;6711;0.0001;-0.3786;0.2585;0.7294;21.943244
545;6712;0.0001;-0.3786;0.2581;0.7294;21.943248
545;6713;0.0001;-0.3790;0.2581;0.7274;21.943252
545;6714;0.0001;-0.3793;0.2579;0.7314;21.943256
545;6715;0.0001;-0.3795;0.2577;0.7374;21.943260
545;6716;0.0001;-0.3798;0.2576;0.7374;21.943264
545;6717;0.0001;-0.3799;0.2573;0.7314;21.943268
545;6718;0.0001;-0.3798;0.2569;0.7274;21.943272
545;6719;0.0001;-0.3803;0.2569;0.7254;21.943276
545;6720;0.0001;-0.3810;0.2570;0.7254;21.943280
545;6721;0.0001;-0.3814;0.2570;0.7294;21.943284
545;6722;0.0001;-0.3816;0.2567;0.7314;21.943288
545;6723;0.0001;-0.3816;0.2564;0.7314;21.943292
545;6724;0.0001;-0.3815;0.2560;0.7314;21.943296
545;6725;0.0001;-0.3816;0.2558;0.7274;21.943300
545;6726;0.0001;-0.3821;0.2557;0.7274;21.943304
545;6727;0.0001;-0.3823;0.2556;0.7234;21.943308
545;6728;0.0001;-0.3827;0.2554;0.7171;21.943312
545;6729;0.0001;-0.3830;0.2553;0.7111;21.943316
545;6730;0.0001;-0.3828;0.2549;0.7134;21.943320
545;6731;0.0001;-0.3830;0.2546;0.7114;21.943324
545;6732;0.0001;-0.3831;0.2544;0.7094;21.943328
545;6733;0.0001;-0.3836;0.2544;0.7071;21.943332
545;6734;0.0001;-0.3839;0.2543;0.7071;21.943336
545;6735;0.0001;-0.3841;0.2540;0.7071;21.943340
545;6736;0.0001;-0.3843;0.2538;0.7091;21.943344
545;6737;0.0001;-0.3845;0.2536;0.7131;21.943348
545;6738;0.0001;-0.3846;0.2534;0.7151;21.943352
545;6739;0.0001;-0.3848;0.2531;0.7131;21.943356
545;6740;0.0001;-0.3850;0.2529;0.7091;21.943360
545;6741;0.0001;-0.3850;0.2526;0.7051;21.943364
545;6742;0.0001;-0.3854;0.2525;0.7031;21.943368
545;6743;0.0001;-0.3859;0.2525;0.7031;21.943372
545;6744;0.0001;-0.3861;0.2523;0.6991;21.943376
545;6745;0.0001;-0.3863;0.2521;0.6951;21.943380
545;6746;0.0001;-0.3870;0.2522;0.6911;21.943384
545;6747;0.0001;-0.3870;0.2518;0.6891;21.943388
545;6748;0.0001;-0.3870;0.2515;0.6891;21.943392
545;6749;0.0001;-0.3874;0.2515;0.6911;21.943396
545;6750;0.0001;-0.3878;0.2514;0.6951;21.943400
545;6751;0.0001;-0.3882;0.2513;0.6991;21.943404
545;6752;0.0001;-0.3883;0.2510;0.7031;21.943408
545;6753;0.0001;-0.3883;0.2507;0.7071;21.943412
545;6754;0.0001;-0.3886;0.2505;0.7051;21.943416
545;6755;0.0001;-0.3888;0.2503;0.6971;21.943420
545;6756;0.0001;-0.3891;0.2502;0.6931;21.943424
545;6757;0.0001;-0.3893;0.2500;0.6891;21.943428
545;6758;0.0001;-0.3894;0.2497;0.6831;21.943432
545;6759;0.0001;-0.3896;0.2495;0.6751;21.943436
545;6760;0.0001;-0.3897;0.2492;0.6712;21.943440
545;6761;0.0001;-0.3900;0.2490;0.6692;21.943444
545;6762;0.0001;-0.3904;0.2490;0.6672;21.943448
545;6763;0.0001;-0.3908;0.2489;0.6632;21.943452
545;6764;0.0001;-0.3907;0.2485;0.6652;21.943456
545;6765;0.0001;-0.3909;0.2483;0.6692;21.943460
545;6766;0.0001;-0.3911;0.2481;0.6732;21.943464
545;6767;0.0001;-0.3910;0.2477;0.6771;21.943468
545;6768;0.0001;-0.3914;0.2476;0.6831;21.943472
545;6769;0.0001;-0.3919;0.2475;0.6891;21.943476
545;6770;0.0001;-0.3921;0.2474;0.6931;21.943480
545;6771;0.0001;-0.3922;0.2471;0.6971;21.943484
545;6772;0.0001;-0.3924;0.2469;0.7011;21.943488
545;6773;0.0001;-0.3927;0.2467;0.7031;21.943492
545;6774;0.0001;-0.3930;0.2466;0.6991;21.943496
545;6775;0.0001;-0.3934;0.2465;0.6931;21.943500
545;6776;0.0001;-0.3935;0.2462;0.6891;21.943504
545;6777;0.0001;-0.3937;0.2460;0.6831;21.943508
545;6778;0.0001;-0.3942;0.2460;0.6771;21.943512
545;6779;0.0001;-0.3945;0.2459;0.6712;21.943516
545;6780;0.0001;-0.3950;0.2458;0.6692;21.943520
545;6781;0.0001;-0.3951;0.2455;0.6692;21.943524
545;6782;0.0001;-0.3954;0.2454;0.6672;21.943528
545;6783;0.0001;-0.3958;0.2453;0.6692;21.943532
545;6784;0.0001;-0.3956;0.2448;0.6732;21.943536
545;6785;0.0001;-0.3957;0.2446;0.6751;21.943540
545;6786;0.0001;-0.3959;0.2443;0.6791;21.943544
545;6787;0.0001;-0.3962;0.2442;0.6791;21.943548
545;6788;0.0001;-0.3963;0.2440;0.6771;21.943552
545;6789;0.0001;-0.3971;0.2441;0.6751;21.943556
545;6790;0.0001;-0.3976;0.2441;0.6771;21.943560
545;6791;0.0001;-0.3980;0.2440;0.6811;21.943564
545;6792;0.0001;-0.3981;0.2437;0.6811;21.943568
545;6793;0.0001;-0.3981;0.2434;0.6851;21.943572
545;6794;0.0001;-0.3982;0.2431;0.6891;21.943576
545;6795;0.0001;-0.3982;0.2428;0.6871;21.943580
545;6796;0.0001;-0.3983;0.2425;0.6791;21.943584
545;6797;0.0001;-0.3984;0.2422;0.6732;21.943588
545;6798;0.0001;-0.3987;0.2420;0.6672;21.943592
545;6799;0.0001;-0.3992;0.2420;0.6652;21.943596
545;6800;0.0001;-0.3996;0.2419;0.6612;21.943600
545;6801;0.0001;-0.3997;0.2417;0.6552;21.943604
545;6802;0.0001;-0.3998;0.2414;0.6532;21.943608
545;6803;0.0001;-0.3998;0.2410;0.6572;21.943612
545;6804;0.0001;-0.4003;0.2410;0.6612;21.943616
545;6805;0.0001;-0.4005;0.2408;0.6652;21.943620
545;6806;0.0001;-0.4008;0.2406;0.6652;21.943624
545;6807;0.0001;-0.4009;0.2404;0.6652;21.943628
545;6808;0.0001;-0.4009;0.2400;0.6652;21.943632
545;6809;0.0001;-0.4011;0.2398;0.6652;21.943636
545;6810;0.0001;-0.4017;0.2399;0.6692;21.943640
545;6811;0.0001;-0.4021;0.2398;0.6712;21.943644
545;6812;0.0001;-0.4025;0.2396;0.6712;21.943648
545;6813;0.0001;-0.4028;0.2395;0.6712;21.943652
545;6814;0.0001;-0.4027;0.2391;0.6712;21.943656
545;6815;0.0001;-0.4031;0.2390;0.6692;21.943660
545;6816;0.0001;-0.4035;0.2389;0.6612;21.943664
545;6817;0.0001;-0.4036;0.2386;0.6552;21.943668
545;6818;0.0001;-0.4038;0.2384;0.6492;21.943672
545;6819;0.0001;-0.4043;0.2384;0.6472;21.943676
545;6820;0.0001;-0.4045;0.2382;0.6492;21.943680
545;6821;0.0001;-0.4046;0.2379;0.6552;21.943684
545;6822;0.0001;-0.4047;0.2376;0.6632;21.943688
545;6823;0.0001;-0.4045;0.2372;0.6652;21.943692
545;6824;0.0001;-0.4050;0.2371;0.6692;21.943696
545;6825;0.0001;-0.4051;0.2369;0.6712;21.943700
545;6826;0.0001;-0.4051;0.2365;0.6751;21.943704
545;6827;0.0001;-0.4052;0.2363;0.6811;21.943708
545;6828;0.0001;-0.4056;0.2361;0.6871;21.943712
545;6829;0.0001;-0.4060;0.2360;0.6951;21.943716
545;6830;0.0001;-0.4063;0.2359;0.7071;21.943720
545;6831;0.0001;-0.4066;0.2357;0.7091;21.943724
545;6832;0.0001;-0.4068;0.2355;0.7008;21.943728
545;6833;0.0001;-0.4069;0.2352;0.7011;21.943732
545;6834;0.0001;-0.4070;0.2350;0.6991;21.943736
545;6835;0.0001;-0.4073;0.2348;0.6968;21.943740
545;6836;0.0001;-0.4076;0.2346;0.6929;21.943744
545;6837;0.0001;-0.4079;0.2345;0.6869;21.943748
545;6838;0.0001;-0.4082;0.2343;0.6869;21.943752
545;6839;0.0001;-0.4084;0.2341;0.6889;21.943756
545;6840;0.0001;-0.4086;0.2339;0.6909;21.943760
545;6841;0.0001;-0.4093;0.2339;0.6909;21.943764
545;6842;0.0001;-0.4095;0.2337;0.6909;21.943768
545;6843;0.0001;-0.4100;0.2337;0.6869;21.943772
545;6844;0.0001;-0.4100;0.2333;0.6789;21.943776
545;6845;0.0001;-0.4099;0.2330;0.6710;21.943780
545;6846;0.0001;-0.4102;0.2328;0.6630;21.943784
545;6847;0.0001;-0.4108;0.2328;0.6590;21.943788
545;6848;0.0001;-0.4115;0.2328;0.6550;21.943792
545;6849;0.0001;-0.4119;0.2327;0.6511;21.943796
545;6850;0.0001;-0.4124;0.2327;0.6471;21.943800
545;6851;0.0001;-0.4127;0.2325;0.6431;21.943804
545;6852;0.0001;-0.4125;0.2321;0.6391;21.943808
545;6853;0.0001;-0.4124;0.2317;0.6351;21.943812
545;6854;0.0001;-0.4126;0.2315;0.6311;21.943816
545;6855;0.0001;-0.4127;0.2312;0.6272;21.943820
545;6856;0.0001;-0.4124;0.2307;0.6272;21.943824
545;6857;0.0001;-0.4128;0.2306;0.6292;21.943828
545;6858;0.0001;-0.4132;0.2305;0.6292;21.943832
545;6859;0.0001;-0.4138;0.2305;0.6292;21.943836
545;6860;0.0001;-0.4142;0.2304;0.6311;21.943840
545;6861;0.0001;-0.4142;0.2300;0.6371;21.943844
545;6862;0.0001;-0.4141;0.2296;0.6471;21.943848
545;6863;0.0001;-0.4144;0.2295;0.6590;21.943852
545;6864;0.0001;-0.4151;0.2296;0.6630;21.943856
545;6865;0.0001;-0.4154;0.2294;0.6650;21.943860
545;6866;0.0001;-0.4154;0.2291;0.6710;21.943864
545;6867;0.0001;-0.4156;0.2288;0.6749;21.943868
545;6868;0.0001;-0.4160;0.2287;0.6730;21.943872
545;6869;0.0001;-0.4159;0.2283;0.6730;21.943876
545;6870;0.0001;-0.4161;0.2281;0.6690;21.943880
545;6871;0.0001;-0.4166;0.2280;0.6650;21.943884
545;6872;0.0001;-0.4169;0.2279;0.6630;21.943888
545;6873;0.0001;-0.4168;0.2275;0.6610;21.943892
545;6874;0.0001;-0.4172;0.2274;0.6550;21.943896
545;6875;0.0001;-0.4177;0.2273;0.6530;21.943900
545;6876;0.0001;-0.4181;0.2272;0.6511;21.943904
545;6877;0.0001;-0.4182;0.2269;0.6511;21.943908
545;6878;0.0001;-0.4183;0.2267;0.6530;21.943912
545;6879;0.0001;-0.4187;0.2265;0.6570;21.943916
545;6880;0.0001;-0.4191;0.2264;0.6570;21.943920
545;6881;0.0001;-0.4190;0.2260;0.6550;21.943924
545;6882;0.0001;-0.4195;0.2260;0.6511;21.943928
545;6883;0.0001;-0.4199;0.2258;0.6491;21.943932
545;6884;0.0001;-0.4196;0.2253;0.6451;21.943936
545;6885;0.0001;-0.4196;0.2250;0.6411;21.943940
545;6886;0.0001;-0.4201;0.2249;0.6371;21.943944
545;6887;0.0001;-0.4208;0.2250;0.6371;21.943948
545;6888;0.0001;-0.4210;0.2248;0.6351;21.943952
545;6889;0.0001;-0.4215;0.2247;0.6331;21.943956
545;6890;0.0001;-0.4218;0.2246;0.6331;21.943960
545;6891;0.0001;-0.4220;0.2243;0.6351;21.943964
545;6892;0.0001;-0.4221;0.2240;0.6451;21.943968
545;6893;0.0001;-0.4221;0.2237;0.6530;21.943972
545;6894;0.0001;-0.4220;0.2233;0.6590;21.943976
545;6895;0.0001;-0.4225;0.2233;0.6610;21.943980
545;6896;0.0001;-0.4231;0.2232;0.6630;21.943984
545;6897;0.0001;-0.4234;0.2231;0.6610;21.943988
545;6898;0.0001;-0.4236;0.2228;0.6570;21.943992
545;6899;0.0001;-0.4239;0.2226;0.6550;21.943996
545;6900;0.0001;-0.4238;0.2223;0.6570;21.944000
545;6901;0.0001;-0.4242;0.2221;0.6630;21.944004
545;6902;0.0001;-0.4244;0.2219;0.6690;21.944008
545;6903;0.0001;-0.4245;0.2216;0.6749;21.944012
545;6904;0.0001;-0.4248;0.2215;0.6809;21.944016
545;6905;0.0001;-0.4250;0.2212;0.6869;21.944020
545;6906;0.0001;-0.4253;0.2211;0.6869;21.944024
545;6907;0.0001;-0.4256;0.2209;0.6809;21.944028
545;6908;0.0001;-0.4257;0.2206;0.6710;21.944032
545;6909;0.0001;-0.4261;0.2205;0.6630;21.944036
545;6910;0.0001;-0.4264;0.2203;0.6550;21.944040
545;6911;0.0001;-0.4267;0.2201;0.6432;21.944044
545;6912;0.0001;-0.4267;0.2198;0.6411;21.944048
545;6913;0.0001;-0.4267;0.2195;0.6411;21.944052
545;6914;0.0001;-0.4270;0.2193;0.6431;21.944056
545;6915;0.0001;-0.4274;0.2192;0.6452;21.944060
545;6916;0.0001;-0.4280;0.2191;0.6512;21.944064
545;6917;0.0001;-0.4278;0.2187;0.6552;21.944068
545;6918;0.0001;-0.4280;0.2185;0.6591;21.944072
545;6919;0.0001;-0.4284;0.2183;0.6611;21.944076
545;6920;0.0000;-0.4287;0.2182;0.6591;21.944080
545;6921;0.0000;-0.4292;0.2181;0.6591;21.944084
545;6922;0.0000;-0.4299;0.2181;0.6591;21.944088
545;6923;0.0000;-0.4301;0.2179;0.6611;21.944092
545;6924;0.0000;-0.4300;0.2175;0.6571;21.944096
545;6925;0.0000;-0.4301;0.2172;0.6532;21.944100
545;6926;0.0000;-0.4301;0.2169;0.6512;21.944104
545;6927;0.0000;-0.4304;0.2167;0.6532;21.944108
545;6928;0.0000;-0.4308;0.2166;0.6552;21.944112
545;6929;0.0000;-0.4313;0.2165;0.6571;21.944116
545;6930;0.0000;-0.4316;0.2163;0.6611;21.944120
545;6931;0.0000;-0.4319;0.2162;0.6611;21.944124
545;6932;0.0000;-0.4317;0.2157;0.6631;21.944128
545;6933;0.0000;-0.4317;0.2154;0.6631;21.944132
545;6934;0.0000;-0.4318;0.2151;0.6631;21.944136
545;6935;0.0000;-0.4321;0.2149;0.6631;21.944140
545;6936;0.0000;-0.4324;0.2147;0.6591;21.944144
545;6937;0.0000;-0.4330;0.2147;0.6532;21.944148
545;6938;0.0000;-0.4331;0.2144;0.6492;21.944152
545;6939;0.0000;-0.4332;0.2142;0.6472;21.944156
545;6940;0.0000;-0.4337;0.2141;0.6432;21.944160
545;6941;0.0000;-0.4340;0.2139;0.6413;21.944164
545;6942;0.0000;-0.4341;0.2136;0.6373;21.944168
545;6943;0.0000;-0.4342;0.2133;0.6353;21.944172
545;6944;0.0000;-0.4345;0.2131;0.6293;21.944176
545;6945;0.0000;-0.4351;0.2131;0.6254;21.944180
545;6946;0.0000;-0.4354;0.2129;0.6214;21.944184
545;6947;0.0000;-0.4356;0.2126;0.6174;21.944188
545;6948;0.0000;-0.4359;0.2125;0.6154;21.944192
545;6949;0.0000;-0.4356;0.2120;0.6135;21.944196
545;6950;0.0000;-0.4357;0.2117;0.6115;21.944200
545;6951;0.0000;-0.4361;0.2116;0.6115;21.944204
545;6952;0.0000;-0.4364;0.2114;0.6135;21.944208
545;6953;0.0000;-0.4370;0.2114;0.6154;21.944212
545;6954;0.0000;-0.4377;0.2114;0.6214;21.944216
545;6955;0.0000;-0.4382;0.2113;0.6293;21.944220
545;6956;0.0000;-0.4384;0.2111;0.6333;21.944224
545;6957;0.0000;-0.4386;0.2108;0.6353;21.944228
545;6958;0.0000;-0.4386;0.2105;0.6333;21.944232
545;6959;0.0000;-0.4392;0.2104;0.6293;21.944236
545;6960;0.0000;-0.4398;0.2104;0.6254;21.944240
545;6961;0.0000;-0.4403;0.2103;0.6254;21.944244
545;6962;0.0000;-0.4402;0.2099;0.6293;21.944248
545;6963;0.0000;-0.4401;0.2095;0.6333;21.944252
545;6964;0.0000;-0.4398;0.2091;0.6413;21.944256
545;6965;0.0000;-0.4400;0.2088;0.6472;21.944260
545;6966;0.0000;-0.4401;0.2086;0.6492;21.944264
545;6967;0.0000;-0.4404;0.2084;0.6472;21.944268
545;6968;0.0000;-0.4407;0.2082;0.6413;21.944272
545;6969;0.0000;-0.4409;0.2079;0.6333;21.944276
545;6970;0.0000;-0.4414;0.2078;0.6254;21.944280
545;6971;0.0000;-0.4417;0.2077;0.6214;21.944284
545;6972;0.0000;-0.4421;0.2075;0.6154;21.944288
545;6973;0.0000;-0.4427;0.2075;0.6115;21.944292
545;6974;0.0000;-0.4428;0.2072;0.6135;21.944296
545;6975;0.0000;-0.4427;0.2068;0.6174;21.944300
545;6976;0.0000;-0.4428;0.2065;0.6194;21.944304
545;6977;0.0000;-0.4432;0.2064;0.6214;21.944308
545;6978;0.0000;-0.4439;0.2064;0.6214;21.944312
545;6979;0.0000;-0.4443;0.2062;0.6174;21.944316
545;6980;0.0000;-0.4449;0.2061;0.6153;21.944320
545;6981;0.0000;-0.4456;0.2062;0.6173;21.944324
545;6982;0.0000;-0.4457;0.2059;0.6233;21.944328
545;6983;0.0000;-0.4456;0.2055;0.6272;21.944332
545;6984;0.0000;-0.4455;0.2051;0.6272;21.944336
545;6985;0.0000;-0.4457;0.2049;0.6272;21.944340
545;6986;0.0000;-0.4456;0.2045;0.6292;21.944344
545;6987;0.0000;-0.4456;0.2042;0.6351;21.944348
545;6988;0.0000;-0.4459;0.2040;0.6371;21.944352
545;6989;0.0000;-0.4462;0.2038;0.6371;21.944356
545;6990;0.0000;-0.4467;0.2037;0.6371;21.944360
545;6991;0.0000;-0.4472;0.2036;0.6332;21.944364
545;6992;0.0000;-0.4475;0.2034;0.6292;21.944368
545;6993;0.0000;-0.4477;0.2031;0.6272;21.944372
545;6994;0.0000;-0.4479;0.2029;0.6292;21.944376
545;6995;0.0000;-0.4482;0.2027;0.6332;21.944380
545;6996;0.0000;-0.4487;0.2026;0.6371;21.944384
545;6997;0.0000;-0.4488;0.2023;0.6430;21.944388
545;6998;0.0000;-0.4489;0.2020;0.6470;21.944392
545;6999;0.0000;-0.4492;0.2018;0.6510;21.944396
545;7000;0.0000;-0.4500;0.2019;0.6510;21.944400
545;7001;0.0000;-0.4502;0.2016;0.6490;21.944404
545;7002;0.0000;-0.4501;0.2012;0.6430;21.944408
545;7003;0.0000;-0.4500;0.2009;0.6371;21.944412
545;7004;0.0000;-0.4505;0.2007;0.6332;21.944416
545;7005;0.0000;-0.4509;0.2006;0.6312;21.944420
545;7006;0.0000;-0.4510;0.2003;0.6292;21.944424
545;7007;0.0000;-0.4509;0.2000;0.6292;21.944428
545;7008;0.0000;-0.4511;0.1997;0.6292;21.944432
545;7009;0.0000;-0.4514;0.1995;0.6312;21.944436
545;7010;0.0000;-0.4519;0.1994;0.6351;21.944440
545;7011;0.0000;-0.4526;0.1994;0.6351;21.944444
545;7012;0.0000;-0.4528;0.1991;0.6351;21.944448
545;7013;0.0000;-0.4529;0.1988;0.6351;21.944452
545;7014;0.0000;-0.4531;0.1986;0.6351;21.944456
545;7015;0.0000;-0.4536;0.1985;0.6332;21.944460
545;7016;0.0000;-0.4540;0.1983;0.6371;21.944464
545;7017;0.0000;-0.4541;0.1980;0.6430;21.944468
545;7018;0.0000;-0.4538;0.1976;0.6450;21.944472
545;7019;0.0000;-0.4537;0.1972;0.6430;21.944476
545;7020;0.0000;-0.4540;0.1970;0.6450;21.944480
545;7021;0.0000;-0.4545;0.1969;0.6510;21.944484
545;7022;0.0000;-0.4549;0.1967;0.6569;21.944488
545;7023;0.0000;-0.4554;0.1966;0.6569;21.944492
545;7024;0.0000;-0.4556;0.1964;0.6510;21.944496
545;7025;0.0000;-0.4561;0.1962;0.6391;21.944500
545;7026;0.0000;-0.4562;0.1959;0.6292;21.944504
545;7027;0.0000;-0.4565;0.1958;0.6213;21.944508
545;7028;0.0000;-0.4569;0.1956;0.6173;21.944512
545;7029;0.0000;-0.4576;0.1955;0.6134;21.944516
545;7030;0.0000;-0.4577;0.1953;0.6114;21.944520
545;7031;0.0000;-0.4578;0.1950;0.6055;21.944524
545;7032;0.0000;-0.4582;0.1948;0.6015;21.944528
545;7033;0.0000;-0.4588;0.1947;0.5995;21.944532
545;7034;0.0000;-0.4593;0.1946;0.5995;21.944536
545;7035;0.0000;-0.4594;0.1943;0.6055;21.944540
545;7036;0.0000;-0.4593;0.1940;0.6134;21.944544
545;7037;0.0000;-0.4592;0.1936;0.6134;21.944548
545;7038;0.0000;-0.4596;0.1934;0.6074;21.944552
545;7039;0.0000;-0.4599;0.1932;0.6035;21.944556
545;7040;0.0000;-0.4600;0.1929;0.6035;21.944560
545;7041;0.0000;-0.4599;0.1926;0.6035;21.944564
545;7042;0.0000;-0.4602;0.1924;0.6035;21.944568
545;7043;0.0000;-0.4608;0.1923;0.6055;21.944572
545;7044;0.0000;-0.4613;0.1921;0.6094;21.944576
545;7045;0.0000;-0.4615;0.1919;0.6134;21.944580
545;7046;0.0000;-0.4618;0.1917;0.6173;21.944584
545;7047;0.0000;-0.4616;0.1913;0.6213;21.944588
545;7048;0.0000;-0.4618;0.1910;0.6213;21.944592
545;7049;0.0000;-0.4625;0.1910;0.6191;21.944596
545;7050;0.0000;-0.4633;0.1910;0.6211;21.944600
545;7051;0.0000;-0.4637;0.1908;0.6211;21.944604
545;7052;0.0000;-0.4638;0.1905;0.6231;21.944608
545;7053;0.0000;-0.4643;0.1904;0.6251;21.944612
545;7054;0.0000;-0.4645;0.1901;0.6231;21.944616
545;7055;0.0000;-0.4646;0.1898;0.6172;21.944620
545;7056;0.0000;-0.4644;0.1894;0.6112;21.944624
545;7057;0.0000;-0.4647;0.1892;0.6073;21.944628
545;7058;0.0000;-0.4650;0.1890;0.6073;21.944632
545;7059;0.0000;-0.4651;0.1887;0.6112;21.944636
545;7060;0.0000;-0.4654;0.1885;0.6132;21.944640
545;7061;0.0000;-0.4657;0.1883;0.6152;21.944644
545;7062;0.0000;-0.4658;0.1880;0.6152;21.944648
545;7063;0.0000;-0.4661;0.1878;0.6152;21.944652
545;7064;0.0000;-0.4669;0.1878;0.6132;21.944656
545;7065;0.0000;-0.4672;0.1876;0.6112;21.944660
545;7066;0.0000;-0.4679;0.1875;0.6093;21.944664
545;7067;0.0000;-0.4681;0.1873;0.6073;21.944668
545;7068;0.0000;-0.4680;0.1869;0.6073;21.944672
545;7069;0.0000;-0.4679;0.1865;0.6034;21.944676
545;7070;0.0000;-0.4682;0.1863;0.5994;21.944680
545;7071;0.0000;-0.4685;0.1861;0.5955;21.944684
545;7072;0.0000;-0.4687;0.1858;0.5915;21.944688
545;7073;0.0000;-0.4690;0.1856;0.5915;21.944692
545;7074;0.0000;-0.4693;0.1854;0.5955;21.944696
545;7075;0.0000;-0.4696;0.1852;0.5974;21.944700
545;7076;0.0000;-0.4698;0.1849;0.5994;21.944704
545;7077;0.0000;-0.4699;0.1847;0.6014;21.944708
545;7078;0.0000;-0.4700;0.1844;0.6053;21.944712
545;7079;0.0000;-0.4701;0.1841;0.6073;21.944716
545;7080;0.0000;-0.4708;0.1840;0.6053;21.944720
545;7081;0.0000;-0.4716;0.1840;0.6034;21.944724
545;7082;0.0000;-0.4720;0.1838;0.6014;21.944728
545;7083;0.0000;-0.4719;0.1834;0.6014;21.944732
545;7084;0.0000;-0.4719;0.1831;0.5974;21.944736
545;7085;0.0000;-0.4720;0.1828;0.5876;21.944740
545;7086;0.0000;-0.4721;0.1825;0.5797;21.944744
545;7087;0.0000;-0.4725;0.1823;0.5777;21.944748
545;7088;0.0000;-0.4732;0.1823;0.5758;21.944752
545;7089;0.0000;-0.4736;0.1821;0.5738;21.944756
545;7090;0.0000;-0.4742;0.1820;0.5698;21.944760
545;7091;0.0000;-0.4749;0.1819;0.5679;21.944764
545;7092;0.0000;-0.4756;0.1819;0.5639;21.944768
545;7093;0.0000;-0.4760;0.1817;0.5639;21.944772
545;7094;0.0000;-0.4761;0.1814;0.5679;21.944776
545;7095;0.0000;-0.4758;0.1809;0.5718;21.944780
545;7096;0.0000;-0.4757;0.1805;0.5758;21.944784
545;7097;0.0000;-0.4763;0.1804;0.5777;21.944788
545;7098;0.0000;-0.4769;0.1804;0.5777;21.944792
545;7099;0.0000;-0.4771;0.1801;0.5817;21.944796
545;7100;0.0000;-0.4772;0.1798;0.5836;21.944800
545;7101;0.0000;-0.4773;0.1795;0.5856;21.944804
545;7102;0.0000;-0.4774;0.1792;0.5856;21.944808
545;7103;0.0000;-0.4778;0.1790;0.5816;21.944812
545;7104;0.0000;-0.4782;0.1788;0.5796;21.944816
545;7105;0.0000;-0.4786;0.1786;0.5796;21.944820
545;7106;0.0000;-0.4792;0.1785;0.5836;21.944824
545;7107;0.0000;-0.4793;0.1782;0.5855;21.944828
545;7108;0.0000;-0.4794;0.1779;0.5855;21.944832
545;7109;0.0000;-0.4795;0.1776;0.5836;21.944836
545;7110;0.0000;-0.4798;0.1774;0.5836;21.944840
545;7111;0.0000;-0.4801;0.1772;0.5855;21.944844
545;7112;0.0000;-0.4804;0.1770;0.5816;21.944848
545;7113;0.0000;-0.4807;0.1767;0.5777;21.944852
545;7114;0.0000;-0.4808;0.1764;0.5777;21.944856
545;7115;0.0000;-0.4808;0.1761;0.5796;21.944860
545;7116;0.0000;-0.4809;0.1758;0.5816;21.944864
545;7117;0.0000;-0.4813;0.1756;0.5836;21.944868
545;7118;0.0000;-0.4819;0.1755;0.5855;21.944872
545;7119;0.0000;-0.4823;0.1753;0.5914;21.944876
545;7120;0.0000;-0.4824;0.1750;0.5973;21.944880
545;7121;0.0000;-0.4827;0.1748;0.6012;21.944884
545;7122;0.0000;-0.4828;0.1745;0.6052;21.944888
545;7123;0.0000;-0.4832;0.1743;0.6071;21.944892
545;7124;0.0000;-0.4835;0.1741;0.6071;21.944896
545;7125;0.0000;-0.4836;0.1738;0.6052;21.944900
545;7126;0.0000;-0.4841;0.1736;0.5973;21.944904
545;7127;0.0000;-0.4847;0.1735;0.5914;21.944908
545;7128;0.0000;-0.4853;0.1734;0.5875;21.944912
545;7129;0.0000;-0.4856;0.1731;0.5836;21.944916
545;7130;0.0000;-0.4859;0.1729;0.5796;21.944920
545;7131;0.0000;-0.4866;0.1728;0.5777;21.944924
545;7132;0.0000;-0.4872;0.1727;0.5777;21.944928
545;7133;0.0000;-0.4871;0.1723;0.5737;21.944932
545;7134;0.0000;-0.4870;0.1720;0.5678;21.944936
545;7135;0.0000;-0.4871;0.1717;0.5659;21.944940
545;7136;0.0000;-0.4874;0.1714;0.5698;21.944944
545;7137;0.0000;-0.4879;0.1713;0.5737;21.944948
545;7138;0.0000;-0.4882;0.1710;0.5718;21.944952
545;7139;0.0000;-0.4884;0.1708;0.5659;21.944956
545;7140;0.0000;-0.4887;0.1705;0.5639;21.944960
545;7141;0.0000;-0.4892;0.1704;0.5639;21.944964
545;7142;0.0000;-0.4894;0.1701;0.5580;21.944968
545;7143;0.0000;-0.4900;0.1700;0.5521;21.944972
545;7144;0.0000;-0.4900;0.1696;0.5482;21.944976
545;7145;0.0000;-0.4899;0.1693;0.5423;21.944980
545;7146;0.0000;-0.4904;0.1691;0.5423;21.944984
545;7147;0.0000;-0.4912;0.1691;0.5462;21.944988
545;7148;0.0000;-0.4915;0.1688;0.5521;21.944992
545;7149;0.0000;-0.4914;0.1685;0.5560;21.944996
545;7150;0.0000;-0.4915;0.1681;0.5580;21.945000
545;7151;0.0000;-0.4916;0.1679;0.5560;21.945004
545;7152;0.0000;-0.4921;0.1677;0.5541;21.945008
545;7153;0.0000;-0.4923;0.1674;0.5541;21.945012
545;7154;0.0000;-0.4928;0.1672;0.5482;21.945016
545;7155;0.0000;-0.4931;0.1670;0.5423;21.945020
545;7156;0.0000;-0.4932;0.1667;0.5364;21.945024
545;7157;0.0000;-0.4933;0.1664;0.5325;21.945028
545;7158;0.0000;-0.4935;0.1661;0.5266;21.945032
545;7159;0.0000;-0.4936;0.1658;0.5208;21.945036
545;7160;0.0000;-0.4936;0.1655;0.5188;21.945040
545;7161;-0.0001;-0.4937;0.1652;0.5208;21.945044
545;7162;-0.0001;-0.4938;0.1649;0.5227;21.945048
545;7163;-0.0001;-0.4942;0.1647;0.5247;21.945052
545;7164;-0.0001;-0.4949;0.1646;0.5286;21.945056
545;7165;-0.0001;-0.4952;0.1643;0.5384;21.945060
545;7166;-0.0001;-0.4951;0.1640;0.5482;21.945064
545;7167;-0.0001;-0.4958;0.1639;0.5560;21.945068
545;7168;-0.0001;-0.4967;0.1638;0.5638;21.945072
545;7169;-0.0001;-0.4973;0.1637;0.5697;21.945076
545;7170;-0.0001;-0.4975;0.1634;0.5756;21.945080
545;7171;-0.0001;-0.4982;0.1633;0.5795;21.945084
545;7172;-0.0001;-0.4986;0.1631;0.5854;21.945088
545;7173;-0.0001;-0.4991;0.1629;0.5873;21.945092
545;7174;-0.0001;-0.4990;0.1625;0.5815;21.945096
545;7175;-0.0001;-0.4991;0.1622;0.5756;21.945100
545;7176;-0.0001;-0.4994;0.1620;0.5775;21.945104
545;7177;-0.0001;-0.4996;0.1617;0.5795;21.945108
545;7178;-0.0001;-0.4997;0.1614;0.5815;21.945112
545;7179;-0.0001;-0.5000;0.1612;0.5815;21.945116
545;7180;-0.0001;-0.5001;0.1608;0.5775;21.945120
545;7181;-0.0001;-0.5002;0.1606;0.5697;21.945124
545;7182;-0.0001;-0.5004;0.1603;0.5658;21.945128
545;7183;-0.0001;-0.5008;0.1601;0.5619;21.945132
545;7184;-0.0001;-0.5013;0.1599;0.5580;21.945136
545;7185;-0.0001;-0.5021;0.1598;0.5521;21.945140
545;7186;-0.0001;-0.5027;0.1596;0.5482;21.945144
545;7187;-0.0001;-0.5029;0.1594;0.5462;21.945148
545;7188;-0.0001;-0.5032;0.1592;0.5462;21.945152
545;7189;-0.0001;-0.5033;0.1589;0.5462;21.945156
545;7190;-0.0001;-0.5037;0.1586;0.5443;21.945160
545;7191;-0.0001;-0.5040;0.1584;0.5423;21.945164
545;7192;-0.0001;-0.5045;0.1582;0.5423;21.945168
545;7193;-0.0001;-0.5047;0.1579;0.5443;21.945172
545;7194;-0.0001;-0.5048;0.1576;0.5443;21.945176
545;7195;-0.0001;-0.5052;0.1574;0.5482;21.945180
545;7196;-0.0001;-0.5055;0.1572;0.5560;21.945184
545;7197;-0.0001;-0.5056;0.1568;0.5658;21.945188
545;7198;-0.0001;-0.5057;0.1565;0.5736;21.945192
545;7199;-0.0001;-0.5061;0.1563;0.5756;21.945196
545;7200;-0.0001;-0.5066;0.1561;0.5771;21.945200
545;7201;-0.0001;-0.5068;0.1558;0.5810;21.945204
545;7202;-0.0001;-0.5068;0.1555;0.5849;21.945208
545;7203;-0.0001;-0.5069;0.1552;0.5888;21.945212
545;7204;-0.0001;-0.5072;0.1550;0.5907;21.945216
545;7205;-0.0001;-0.5077;0.1548;0.5888;21.945220
545;7206;-0.0001;-0.5076;0.1544;0.5810;21.945224
545;7207;-0.0001;-0.5079;0.1541;0.5712;21.945228
545;7208;-0.0001;-0.5081;0.1539;0.5634;21.945232
545;7209;-0.0001;-0.5084;0.1536;0.5615;21.945236
545;7210;-0.0001;-0.5087;0.1533;0.5595;21.945240
545;7211;-0.0001;-0.5093;0.1532;0.5537;21.945244
545;7212;-0.0001;-0.5102;0.1531;0.5459;21.945248
545;7213;-0.0001;-0.5108;0.1530;0.5400;21.945252
545;7214;-0.0001;-0.5111;0.1527;0.5342;21.945256
545;7215;-0.0001;-0.5112;0.1524;0.5303;21.945260
545;7216;-0.0001;-0.5114;0.1521;0.5283;21.945264
545;7217;-0.0001;-0.5117;0.1519;0.5264;21.945268
545;7218;-0.0001;-0.5121;0.1516;0.5244;21.945272
545;7219;-0.0001;-0.5124;0.1514;0.5225;21.945276
545;7220;-0.0001;-0.5127;0.1511;0.5244;21.945280
545;7221;-0.0001;-0.5131;0.1509;0.5225;21.945284
545;7222;-0.0001;-0.5132;0.1506;0.5186;21.945288
545;7223;-0.0001;-0.5131;0.1502;0.5166;21.945292
545;7224;-0.0001;-0.5138;0.1501;0.5186;21.945296
545;7225;-0.0001;-0.5143;0.1499;0.5244;21.945300
545;7226;-0.0001;-0.5146;0.1496;0.5342;21.945304
545;7227;-0.0001;-0.5152;0.1495;0.5439;21.945308
545;7228;-0.0001;-0.5156;0.1492;0.5459;21.945312
545;7229;-0.0001;-0.5157;0.1489;0.5478;21.945316
545;7230;-0.0001;-0.5156;0.1486;0.5498;21.945320
545;7231;-0.0001;-0.5159;0.1483;0.5517;21.945324
545;7232;-0.0001;-0.5167;0.1482;0.5517;21.945328
545;7233;-0.0001;-0.5170;0.1479;0.5517;21.945332
545;7234;-0.0001;-0.5171;0.1476;0.5498;21.945336
545;7235;-0.0001;-0.5172;0.1473;0.5478;21.945340
545;7236;-0.0001;-0.5177;0.1471;0.5478;21.945344
545;7237;-0.0001;-0.5179;0.1468;0.5478;21.945348
545;7238;-0.0001;-0.5184;0.1466;0.5478;21.945352
545;7239;-0.0001;-0.5184;0.1463;0.5459;21.945356
545;7240;-0.0001;-0.5187;0.1460;0.5439;21.945360
545;7241;-0.0001;-0.5191;0.1458;0.5400;21.945364
545;7242;-0.0001;-0.5196;0.1456;0.5342;21.945368
545;7243;-0.0001;-0.5198;0.1453;0.5264;21.945372
545;7244;-0.0001;-0.5198;0.1449;0.5244;21.945376
545;7245;-0.0001;-0.5201;0.1447;0.5244;21.945380
545;7246;-0.0001;-0.5207;0.1445;0.5244;21.945384
545;7247;-0.0001;-0.5214;0.1443;0.5225;21.945388
545;7248;-0.0001;-0.5215;0.1440;0.5205;21.945392
545;7249;-0.0001;-0.5214;0.1437;0.5205;21.945396
545;7250;-0.0001;-0.5215;0.1433;0.5205;21.945400
545;7251;-0.0001;-0.5218;0.1431;0.5186;21.945404
545;7252;-0.0001;-0.5223;0.1429;0.5186;21.945408
545;7253;-0.0001;-0.5228;0.1427;0.5225;21.945412
545;7254;-0.0001;-0.5236;0.1426;0.5225;21.945416
545;7255;-0.0001;-0.5241;0.1423;0.5186;21.945420
545;7256;-0.0001;-0.5242;0.1420;0.5167;21.945424
545;7257;-0.0001;-0.5243;0.1417;0.5167;21.945428
545;7258;-0.0001;-0.5247;0.1414;0.5205;21.945432
545;7259;-0.0001;-0.5249;0.1412;0.5167;21.945436
545;7260;-0.0001;-0.5248;0.1408;0.5128;21.945440
545;7261;-0.0001;-0.5249;0.1405;0.5089;21.945444
545;7262;-0.0001;-0.5250;0.1402;0.5050;21.945448
545;7263;-0.0001;-0.5255;0.1399;0.5011;21.945452
545;7264;-0.0001;-0.5262;0.1398;0.5011;21.945456
545;7265;-0.0001;-0.5265;0.1395;0.5011;21.945460
545;7266;-0.0001;-0.5269;0.1393;0.4992;21.945464
545;7267;-0.0001;-0.5275;0.1391;0.4914;21.945468
545;7268;-0.0001;-0.5275;0.1388;0.4895;21.945472
545;7269;-0.0001;-0.5276;0.1384;0.4914;21.945476
545;7270;-0.0001;-0.5285;0.1383;0.4953;21.945480
545;7271;-0.0001;-0.5293;0.1382;0.5011;21.945484
545;7272;-0.0001;-0.5293;0.1378;0.5089;21.945488
545;7273;-0.0001;-0.5292;0.1375;0.5167;21.945492
545;7274;-0.0001;-0.5296;0.1372;0.5244;21.945496
545;7275;-0.0001;-0.5301;0.1370;0.5341;21.945500
545;7276;-0.0001;-0.5304;0.1367;0.5438;21.945504
545;7277;-0.0001;-0.5305;0.1364;0.5536;21.945508
545;7278;-0.0001;-0.5308;0.1362;0.5594;21.945512
545;7279;-0.0001;-0.5311;0.1359;0.5594;21.945516
545;7280;-0.0001;-0.5314;0.1356;0.5594;21.945520
545;7281;-0.0001;-0.5315;0.1353;0.5574;21.945524
545;7282;-0.0001;-0.5320;0.1351;0.5613;21.945528
545;7283;-0.0001;-0.5321;0.1347;0.5691;21.945532
545;7284;-0.0001;-0.5327;0.1345;0.5710;21.945536
545;7285;-0.0001;-0.5332;0.1343;0.5710;21.945540
545;7286;-0.0001;-0.5337;0.1341;0.5669;21.945544
545;7287;-0.0001;-0.5341;0.1338;0.5611;21.945548
545;7288;-0.0001;-0.5344;0.1336;0.5534;21.945552
545;7289;-0.0001;-0.5344;0.1332;0.5495;21.945556
545;7290;-0.0001;-0.5349;0.1330;0.5437;21.945560
545;7291;-0.0001;-0.5357;0.1329;0.5379;21.945564
545;7292;-0.0001;-0.5364;0.1327;0.5340;21.945568
545;7293;-0.0001;-0.5368;0.1324;0.5321;21.945572
545;7294;-0.0001;-0.5366;0.1320;0.5282;21.945576
545;7295;-0.0001;-0.5367;0.1317;0.5244;21.945580
545;7296;-0.0001;-0.5372;0.1315;0.5244;21.945584
545;7297;-0.0001;-0.5377;0.1313;0.5244;21.945588
545;7298;-0.0001;-0.5379;0.1309;0.5205;21.945592
545;7299;-0.0001;-0.5380;0.1306;0.5166;21.945596
545;7300;-0.0001;-0.5382;0.1303;0.5128;21.945600
545;7301;-0.0001;-0.5387;0.1301;0.5089;21.945604
545;7302;-0.0001;-0.5391;0.1298;0.5070;21.945608
545;7303;-0.0001;-0.5398;0.1297;0.5108;21.945612
545;7304;-0.0001;-0.5403;0.1294;0.5166;21.945616
545;7305;-0.0001;-0.5405;0.1291;0.5205;21.945620
545;7306;-0.0001;-0.5408;0.1288;0.5205;21.945624
545;7307;-0.0001;-0.5410;0.1285;0.5224;21.945628
545;7308;-0.0001;-0.5413;0.1283;0.5244;21.945632
545;7309;-0.0001;-0.5416;0.1280;0.5244;21.945636
545;7310;-0.0001;-0.5421;0.1278;0.5244;21.945640
545;7311;-0.0001;-0.5425;0.1275;0.5224;21.945644
545;7312;-0.0001;-0.5426;0.1272;0.5205;21.945648
545;7313;-0.0001;-0.5429;0.1269;0.5205;21.945652
545;7314;-0.0001;-0.5427;0.1265;0.5166;21.945656
545;7315;-0.0001;-0.5430;0.1262;0.5147;21.945660
545;7316;-0.0001;-0.5435;0.1260;0.5108;21.945664
545;7317;-0.0001;-0.5443;0.1258;0.5070;21.945668
545;7318;-0.0001;-0.5450;0.1256;0.5031;21.945672
545;7319;-0.0001;-0.5452;0.1253;0.4992;21.945676
545;7320;-0.0001;-0.5453;0.1250;0.4973;21.945680
545;7321;-0.0001;-0.5459;0.1248;0.4973;21.945684
545;7322;-0.0001;-0.5464;0.1245;0.4951;21.945688
545;7323;-0.0001;-0.5468;0.1243;0.4951;21.945692
545;7324;-0.0001;-0.5470;0.1240;0.4951;21.945696
545;7325;-0.0001;-0.5475;0.1237;0.4951;21.945700
545;7326;-0.0001;-0.5479;0.1234;0.4970;21.945704
545;7327;-0.0001;-0.5481;0.1231;0.4970;21.945708
545;7328;-0.0001;-0.5480;0.1228;0.4970;21.945712
545;7329;-0.0001;-0.5483;0.1225;0.5009;21.945716
545;7330;-0.0001;-0.5486;0.1222;0.5009;21.945720
545;7331;-0.0001;-0.5488;0.1219;0.4989;21.945724
545;7332;-0.0001;-0.5487;0.1215;0.4951;21.945728
545;7333;-0.0001;-0.5490;0.1212;0.4912;21.945732
545;7334;-0.0001;-0.5495;0.1210;0.4893;21.945736
545;7335;-0.0001;-0.5499;0.1207;0.4893;21.945740
545;7336;-0.0001;-0.5502;0.1204;0.4932;21.945744
545;7337;-0.0001;-0.5502;0.1201;0.4932;21.945748
545;7338;-0.0001;-0.5508;0.1199;0.4932;21.945752
545;7339;-0.0001;-0.5513;0.1196;0.4970;21.945756
545;7340;-0.0001;-0.5518;0.1194;0.5009;21.945760
545;7341;-0.0001;-0.5523;0.1191;0.5066;21.945764
545;7342;-0.0001;-0.5529;0.1189;0.5143;21.945768
545;7343;-0.0001;-0.5533;0.1186;0.5201;21.945772
545;7344;-0.0001;-0.5539;0.1184;0.5220;21.945776
545;7345;-0.0001;-0.5544;0.1182;0.5220;21.945780
545;7346;-0.0001;-0.5545;0.1178;0.5182;21.945784
545;7347;-0.0001;-0.5550;0.1176;0.5163;21.945788
545;7348;-0.0001;-0.5555;0.1173;0.5124;21.945792
545;7349;-0.0001;-0.5556;0.1170;0.5066;21.945796
545;7350;-0.0001;-0.5557;0.1166;0.5028;21.945800
545;7351;-0.0001;-0.5566;0.1165;0.4970;21.945804
545;7352;-0.0001;-0.5574;0.1163;0.4932;21.945808
545;7353;-0.0001;-0.5578;0.1160;0.4874;21.945812
545;7354;-0.0001;-0.5578;0.1157;0.4854;21.945816
545;7355;-0.0001;-0.5583;0.1154;0.4833;21.945820
545;7356;-0.0001;-0.5589;0.1152;0.4833;21.945824
545;7357;-0.0002;-0.5587;0.1148;0.4871;21.945828
545;7358;-0.0002;-0.5585;0.1144;0.4890;21.945832
545;7359;-0.0002;-0.5586;0.1140;0.4890;21.945836
545;7360;-0.0002;-0.5591;0.1138;0.4890;21.945840
545;7361;-0.0002;-0.5597;0.1136;0.4871;21.945844
545;7362;-0.0002;-0.5600;0.1132;0.4871;21.945848
545;7363;-0.0002;-0.5605;0.1130;0.4909;21.945852
545;7364;-0.0002;-0.5612;0.1128;0.4948;21.945856
545;7365;-0.0002;-0.5615;0.1125;0.5005;21.945860
545;7366;-0.0002;-0.5618;0.1122;0.5082;21.945864
545;7367;-0.0002;-0.5621;0.1119;0.5101;21.945868
545;7368;-0.0002;-0.5624;0.1116;0.5082;21.945872
545;7369;-0.0002;-0.5629;0.1113;0.5044;21.945876
545;7370;-0.0002;-0.5631;0.1110;0.4967;21.945880
545;7371;-0.0002;-0.5635;0.1107;0.4928;21.945884
545;7372;-0.0002;-0.5643;0.1105;0.4928;21.945888
545;7373;-0.0002;-0.5646;0.1102;0.4928;21.945892
545;7374;-0.0002;-0.5647;0.1099;0.4948;21.945896
545;7375;-0.0002;-0.5647;0.1095;0.4986;21.945900
545;7376;-0.0002;-0.5650;0.1092;0.5024;21.945904
545;7377;-0.0002;-0.5655;0.1089;0.5082;21.945908
545;7378;-0.0002;-0.5662;0.1087;0.5159;21.945912
545;7379;-0.0002;-0.5672;0.1086;0.5216;21.945916
545;7380;-0.0002;-0.5678;0.1083;0.5255;21.945920
545;7381;-0.0002;-0.5678;0.1080;0.5255;21.945924
545;7382;-0.0002;-0.5675;0.1075;0.5255;21.945928
545;7383;-0.0002;-0.5676;0.1072;0.5255;21.945932
545;7384;-0.0002;-0.5683;0.1070;0.5216;21.945936
545;7385;-0.0002;-0.5693;0.1068;0.5159;21.945940
545;7386;-0.0002;-0.5698;0.1065;0.5139;21.945944
545;7387;-0.0002;-0.5701;0.1062;0.5159;21.945948
545;7388;-0.0002;-0.5705;0.1059;0.5176;21.945952
545;7389;-0.0002;-0.5711;0.1057;0.5214;21.945956
545;7390;-0.0002;-0.5716;0.1054;0.5272;21.945960
545;7391;-0.0002;-0.5721;0.1051;0.5329;21.945964
545;7392;-0.0002;-0.5725;0.1048;0.5348;21.945968
545;7393;-0.0002;-0.5727;0.1045;0.5348;21.945972
545;7394;-0.0002;-0.5732;0.1042;0.5348;21.945976
545;7395;-0.0002;-0.5736;0.1039;0.5329;21.945980
545;7396;-0.0002;-0.5740;0.1037;0.5310;21.945984
545;7397;-0.0002;-0.5746;0.1034;0.5291;21.945988
545;7398;-0.0002;-0.5753;0.1032;0.5272;21.945992
545;7399;-0.0002;-0.5754;0.1028;0.5195;21.945996
545;7400;-0.0002;-0.5757;0.1025;0.5138;21.946000
545;7401;-0.0002;-0.5767;0.1023;0.5100;21.946004
545;7402;-0.0002;-0.5773;0.1021;0.5081;21.946008
545;7403;-0.0002;-0.5770;0.1016;0.5081;21.946012
545;7404;-0.0002;-0.5773;0.1013;0.5100;21.946016
545;7405;-0.0002;-0.5778;0.1011;0.5138;21.946020
545;7406;-0.0002;-0.5783;0.1008;0.5233;21.946024
545;7407;-0.0002;-0.5781;0.1004;0.5367;21.946028
545;7408;-0.0002;-0.5785;0.1001;0.5444;21.946032
545;7409;-0.0002;-0.5792;0.0998;0.5482;21.946036
545;7410;-0.0002;-0.5799;0.0996;0.5482;21.946040
545;7411;-0.0002;-0.5807;0.0994;0.5463;21.946044
545;7412;-0.0002;-0.5814;0.0991;0.5424;21.946048
545;7413;-0.0002;-0.5818;0.0988;0.5361;21.946052
545;7414;-0.0002;-0.5816;0.0984;0.5348;21.946056
545;7415;-0.0002;-0.5819;0.0981;0.5285;21.946060
545;7416;-0.0002;-0.5823;0.0978;0.5266;21.946064
545;7417;-0.0002;-0.5826;0.0975;0.5304;21.946068
545;7418;-0.0002;-0.5828;0.0971;0.5361;21.946072
545;7419;-0.0002;-0.5830;0.0968;0.5418;21.946076
545;7420;-0.0002;-0.5836;0.0965;0.5475;21.946080
545;7421;-0.0002;-0.5840;0.0962;0.5551;21.946084
545;7422;-0.0002;-0.5843;0.0959;0.5608;21.946088
545;7423;-0.0002;-0.5846;0.0956;0.5684;21.946092
545;7424;-0.0002;-0.5851;0.0953;0.5722;21.946096
545;7425;-0.0002;-0.5854;0.0950;0.5760;21.946100
545;7426;-0.0002;-0.5857;0.0947;0.5779;21.946104
545;7427;-0.0002;-0.5860;0.0944;0.5760;21.946108
545;7428;-0.0002;-0.5868;0.0941;0.5760;21.946112
545;7429;-0.0002;-0.5874;0.0938;0.5779;21.946116
545;7430;-0.0002;-0.5876;0.0935;0.5798;21.946120
545;7431;-0.0002;-0.5881;0.0932;0.5836;21.946124
545;7432;-0.0002;-0.5885;0.0929;0.5893;21.946128
545;7433;-0.0002;-0.5887;0.0926;0.5931;21.946132
545;7434;-0.0002;-0.5894;0.0923;0.5950;21.946136
545;7435;-0.0002;-0.5901;0.0920;0.5989;21.946140
545;7436;-0.0002;-0.5904;0.0917;0.6084;21.946144
545;7437;-0.0002;-0.5907;0.0914;0.6160;21.946148
545;7438;-0.0002;-0.5910;0.0911;0.6179;21.946152
545;7439;-0.0002;-0.5913;0.0907;0.6198;21.946156
545;7440;-0.0002;-0.5915;0.0904;0.6236;21.946160
545;7441;-0.0002;-0.5918;0.0901;0.6236;21.946164
545;7442;-0.0002;-0.5921;0.0898;0.6255;21.946168
545;7443;-0.0002;-0.5926;0.0894;0.6293;21.946172
545;7444;-0.0002;-0.5924;0.0891;0.6312;21.946176
545;7445;-0.0002;-0.5923;0.0887;0.6331;21.946180
545;7446;-0.0002;-0.5925;0.0883;0.6331;21.946184
545;7447;-0.0002;-0.5931;0.0881;0.6350;21.946188
545;7448;-0.0002;-0.5934;0.0877;0.6331;21.946192
545;7449;-0.0002;-0.5935;0.0874;0.6255;21.946196
545;7450;-0.0002;-0.5938;0.0870;0.6112;21.946200
545;7451;-0.0002;-0.5941;0.0867;0.6055;21.946204
545;7452;-0.0002;-0.5942;0.0863;0.6055;21.946208
545;7453;-0.0002;-0.5946;0.0860;0.6074;21.946212
545;7454;-0.0002;-0.5953;0.0858;0.6112;21.946216
545;7455;-0.0002;-0.5964;0.0855;0.6130;21.946220
545;7456;-0.0002;-0.5975;0.0853;0.6112;21.946224
545;7457;-0.0002;-0.5979;0.0850;0.6055;21.946228
545;7458;-0.0002;-0.5977;0.0846;0.5979;21.946232
545;7459;-0.0002;-0.5977;0.0842;0.5941;21.946236
545;7460;-0.0002;-0.5978;0.0839;0.5941;21.946240
545;7461;-0.0002;-0.5981;0.0835;0.5941;21.946244
545;7462;-0.0002;-0.5981;0.0832;0.5922;21.946248
545;7463;-0.0002;-0.5984;0.0828;0.5922;21.946252
545;7464;-0.0002;-0.5989;0.0825;0.5903;21.946256
545;7465;-0.0002;-0.6001;0.0823;0.5903;21.946260
545;7466;-0.0002;-0.6003;0.0820;0.5866;21.946264
545;7467;-0.0002;-0.6004;0.0816;0.5847;21.946268
545;7468;-0.0002;-0.6005;0.0813;0.5809;21.946272
545;7469;-0.0002;-0.6010;0.0809;0.5752;21.946276
545;7470;-0.0002;-0.6013;0.0806;0.5733;21.946280
545;7471;-0.0002;-0.6016;0.0803;0.5695;21.946284
545;7472;-0.0002;-0.6014;0.0799;0.5676;21.946288
545;7473;-0.0002;-0.6014;0.0795;0.5676;21.946292
545;7474;-0.0002;-0.6017;0.0792;0.5657;21.946296
545;7475;-0.0002;-0.6022;0.0789;0.5506;21.946300
545;7476;-0.0002;-0.6023;0.0785;0.5014;21.946304
545;7477;-0.0002;-0.6017;0.0780;0.4030;21.946308
545;7478;-0.0002;-0.5986;0.0773;0.2630;21.946312
545;7479;-0.0007;-1.2984;0.1668;0.0566;21.946316
545;7480;-0.0036;-5.3083;0.6785;0.0123;21.946320
545;7481;-0.0043;-5.9899;0.7618;0.0362;21.946324
545;7482;-0.0043;-5.9860;0.7577;0.0519;21.946328
545;7483;-0.0043;-5.9850;0.7537;0.0608;21.946332
545;7484;-0.0043;-5.9853;0.7502;0.0654;21.946336
545;7485;-0.0043;-5.9860;0.7464;0.0682;21.946340
545;7486;-0.0043;-5.9867;0.7427;0.0693;21.946344
545;7487;-0.0044;-5.9868;0.7393;0.0705;21.946348
545;7488;-0.0044;-5.9869;0.7355;0.0724;21.946352
545;7489;-0.0044;-5.9871;0.7317;0.0740;21.946356
545;7490;-0.0044;-5.9875;0.7281;0.0767;21.946360
545;7491;-0.0044;-5.9884;0.7244;0.0786;21.946364
545;7492;-0.0044;-5.9894;0.7209;0.0794;21.946368
545;7493;-0.0044;-5.9902;0.7172;0.0798;21.946372
545;7494;-0.0044;-5.9907;0.7136;0.0813;21.946376
545;7495;-0.0044;-5.9912;0.7098;0.0825;21.946380
545;7496;-0.0044;-5.9920;0.7061;0.0809;21.946384
545;7497;-0.0044;-5.9935;0.7027;0.0798;21.946388
545;7498;-0.0044;-5.9941;0.6989;0.0809;21.946392
545;7499;-0.0044;-5.9942;0.6953;0.0833;21.946396
545;7500;-0.0044;-5.9946;0.6915;0.0860;21.946400
545;7501;-0.0044;-5.9953;0.6878;0.0887;21.946404
545;7502;-0.0044;-5.9957;0.6842;0.0910;21.946408
545;7503;-0.0044;-5.9961;0.6804;0.0910;21.946412
545;7504;-0.0044;-5.9972;0.6769;0.0895;21.946416
545;7505;-0.0044;-5.9979;0.6734;0.0879;21.946420
545;7506;-0.0044;-5.9985;0.6697;0.0868;21.946424
545;7507;-0.0044;-5.9985;0.6660;0.0864;21.946428
545;7508;-0.0044;-5.9991;0.6623;0.0875;21.946432
545;7509;-0.0044;-6.0000;0.6586;0.0871;21.946436
545;7510;-0.0044;-6.0004;0.6550;0.0844;21.946440
545;7511;-0.0044;-6.0013;0.6513;0.0825;21.946444
545;7512;-0.0045;-6.0021;0.6477;0.0829;21.946448
545;7513;-0.0045;-6.0027;0.6440;0.0848;21.946452
545;7514;-0.0045;-6.0033;0.6404;0.0871;21.946456
545;7515;-0.0045;-6.0033;0.6368;0.1019;21.946460
545;7516;-0.0045;-6.0037;0.6330;0.1708;21.946464
545;7517;-0.0045;-6.0045;0.6293;0.3094;21.946468
545;7518;-0.0045;-6.0056;0.6258;0.4291;21.946472
545;7519;-0.0045;-6.0068;0.6221;0.4702;21.946476
545;7520;-0.0045;-6.0105;0.6189;0.4652;21.946480
545;7521;-0.0045;-6.0195;0.6160;0.4648;21.946484
545;7522;-0.0045;-6.0282;0.6132;0.5224;21.946488
545;7523;-0.0045;-6.0306;0.6096;0.6310;21.946492
545;7524;-0.0045;-6.0309;0.6058;0.6948;21.946496
545;7525;-0.0045;-6.0306;0.6022;0.6604;21.946500
545;7526;-0.0045;-6.0306;0.5983;0.5406;21.946504
545;7527;-0.0045;-6.0304;0.5947;0.4853;21.946508
545;7528;-0.0045;-6.0306;0.5909;0.6017;21.946512
545;7529;-0.0045;-6.0307;0.5873;0.7201;21.946516
545;7530;-0.0045;-6.0309;0.5836;0.7568;21.946520
545;7531;-0.0045;-6.0309;0.5798;0.7170;21.946524
545;7532;-0.0045;-6.0308;0.5760;0.5971;21.946528
545;7533;-0.0046;-6.0309;0.5724;0.3743;21.946532
545;7534;-0.0046;-6.0307;0.5685;0.1930;21.946536
545;7535;-0.0046;-6.0308;0.5649;0.1357;21.946540
545;7536;-0.0046;-6.0306;0.5611;0.1295;21.946544
545;7537;-0.0046;-6.0307;0.5573;0.1276;21.946548
545;7538;-0.0046;-6.0308;0.5536;0.1326;21.946552
545;7539;-0.0046;-6.0308;0.5498;0.1775;21.946556
545;7540;-0.0046;-6.0310;0.5462;0.3194;21.946560
545;7541;-0.0046;-6.0315;0.5424;0.5321;21.946564
545;7542;-0.0046;-6.0317;0.5388;0.6872;21.946568
545;7543;-0.0046;-6.0317;0.5350;0.7429;21.946572
545;7544;-0.0046;-6.0314;0.5312;0.7398;21.946576
545;7545;-0.0046;-6.0313;0.5275;0.7255;21.946580
545;7546;-0.0046;-6.0311;0.5237;0.7170;21.946584
545;7547;-0.0046;-6.0310;0.5200;0.7139;21.946588
545;7548;-0.0046;-6.0310;0.5164;0.7243;21.946592
545;7549;-0.0046;-6.0309;0.5126;0.7390;21.946596
545;7550;-0.0046;-6.0306;0.5089;0.7406;21.946600
545;7551;-0.0046;-6.0302;0.5051;0.7344;21.946604
545;7552;-0.0046;-6.0303;0.5013;0.7367;21.946608
545;7553;-0.0046;-6.0305;0.4977;0.7464;21.946612
545;7554;-0.0046;-6.0306;0.4939;0.7545;21.946616
545;7555;-0.0046;-6.0307;0.4903;0.7576;21.946620
545;7556;-0.0046;-6.0307;0.4864;0.7487;21.946624
545;7557;-0.0046;-6.0306;0.4828;0.7438;21.946628
545;7558;-0.0046;-6.0304;0.4790;0.7391;21.946632
545;7559;-0.0046;-6.0300;0.4753;0.7233;21.946636
545;7560;-0.0046;-6.0297;0.4715;0.6722;21.946640
545;7561;-0.0047;-6.0298;0.4679;0.5263;21.946644
545;7562;-0.0047;-6.0297;0.4641;0.3084;21.946648
545;7563;-0.0047;-6.0293;0.4604;0.1610;21.946652
545;7564;-0.0047;-6.0294;0.4566;0.1153;21.946656
545;7565;-0.0047;-6.0293;0.4530;0.1103;21.946660
545;7566;-0.0047;-6.0293;0.4492;0.1107;21.946664
545;7567;-0.0047;-6.0289;0.4453;0.1269;21.946668
545;7568;-0.0047;-6.0286;0.4417;0.2194;21.946672
545;7569;-0.0047;-6.0285;0.4379;0.4392;21.946676
545;7570;-0.0047;-6.0287;0.4343;0.6478;21.946680
545;7571;-0.0047;-6.0285;0.4305;0.7237;21.946684
545;7572;-0.0047;-6.0283;0.4266;0.7438;21.946688
545;7573;-0.0047;-6.0282;0.4232;0.7411;21.946692
545;7574;-0.0047;-6.0283;0.4194;0.6397;21.946696
545;7575;-0.0047;-6.0285;0.4156;0.5174;21.946700
545;7576;-0.0047;-6.0287;0.4120;0.5747;21.946704
545;7577;-0.0047;-6.0289;0.4082;0.6749;21.946708
545;7578;-0.0047;-6.0293;0.4046;0.6765;21.946712
545;7579;-0.0047;-6.0302;0.4009;0.5863;21.946716
545;7580;-0.0047;-6.0304;0.3971;0.5011;21.946720
545;7581;-0.0047;-6.0303;0.3935;0.4675;21.946724
545;7582;-0.0047;-6.0302;0.3897;0.4613;21.946728
545;7583;-0.0047;-6.0304;0.3861;0.4706;21.946732
545;7584;-0.0047;-6.0305;0.3823;0.4880;21.946736
545;7585;-0.0047;-6.0305;0.3787;0.4946;21.946740
545;7586;-0.0047;-6.0305;0.3749;0.4795;21.946744
545;7587;-0.0047;-6.0302;0.3710;0.4698;21.946748
545;7588;-0.0048;-6.0305;0.3674;0.4830;21.946752
545;7589;-0.0048;-6.0306;0.3637;0.4903;21.946756
545;7590;-0.0048;-6.0305;0.3600;0.4861;21.946760
545;7591;-0.0048;-6.0304;0.3562;0.4857;21.946764
545;7592;-0.0048;-6.0306;0.3526;0.4748;21.946768
545;7593;-0.0048;-6.0306;0.3490;0.4574;21.946772
545;7594;-0.0048;-6.0304;0.3452;0.4532;21.946776
545;7595;-0.0048;-6.0301;0.3414;0.4609;21.946780
545;7596;-0.0048;-6.0300;0.3378;0.4651;21.946784
545;7597;-0.0048;-6.0304;0.3340;0.4709;21.946788
545;7598;-0.0048;-6.0304;0.3304;0.4767;21.946792
545;7599;-0.0048;-6.0301;0.3266;0.4725;21.946796
545;7600;-0.0048;-6.0300;0.3229;0.4721;21.946800
545;7601;-0.0048;-6.0299;0.3193;0.4829;21.946804
545;7602;-0.0048;-6.0301;0.3155;0.4922;21.946808
545;7603;-0.0048;-6.0301;0.3117;0.4891;21.946812
545;7604;-0.0048;-6.0298;0.3081;0.4814;21.946816
545;7605;-0.0048;-6.0295;0.3043;0.4814;21.946820
545;7606;-0.0048;-6.0297;0.3007;0.4779;21.946824
545;7607;-0.0048;-6.0299;0.2969;0.4640;21.946828
545;7608;-0.0048;-6.0299;0.2933;0.4612;21.946832
545;7609;-0.0048;-6.0298;0.2895;0.4671;21.946836
545;7610;-0.0048;-6.0295;0.2857;0.4620;21.946840
545;7611;-0.0048;-6.0293;0.2821;0.4593;21.946844
545;7612;-0.0048;-6.0294;0.2783;0.4624;21.946848
545;7613;-0.0048;-6.0295;0.2747;0.4671;21.946852
545;7614;-0.0048;-6.0295;0.2709;0.4690;21.946856
545;7615;-0.0048;-6.0295;0.2671;0.4605;21.946860
545;7616;-0.0049;-6.0294;0.2637;0.4566;21.946864
545;7617;-0.0049;-6.0295;0.2599;0.4624;21.946868
545;7618;-0.0049;-6.0298;0.2561;0.4674;21.946872
545;7619;-0.0049;-6.0299;0.2525;0.4601;21.946876
545;7620;-0.0049;-6.0300;0.2487;0.4581;21.946880
545;7621;-0.0049;-6.0294;0.2451;0.4616;21.946884
545;7622;-0.0049;-6.0290;0.2413;0.4616;21.946888
545;7623;-0.0049;-6.0291;0.2377;0.4581;21.946892
545;7624;-0.0049;-6.0291;0.2339;0.4616;21.946896
545;7625;-0.0049;-6.0289;0.2301;0.4744;21.946900
545;7626;-0.0049;-6.0288;0.2265;0.4822;21.946904
545;7627;-0.0049;-6.0290;0.2227;0.4922;21.946908
545;7628;-0.0049;-6.0291;0.2191;0.4996;21.946912
545;7629;-0.0049;-6.0290;0.2153;0.4918;21.946916
545;7630;-0.0049;-6.0292;0.2115;0.4853;21.946920
545;7631;-0.0049;-6.0297;0.2079;0.4891;21.946924
545;7632;-0.0049;-6.0296;0.2041;0.4791;21.946928
545;7633;-0.0049;-6.0295;0.2005;0.4620;21.946932
545;7634;-0.0049;-6.0294;0.1967;0.4496;21.946936
545;7635;-0.0049;-6.0291;0.1931;0.4368;21.946940
545;7636;-0.0049;-6.0289;0.1895;0.4330;21.946944
545;7637;-0.0049;-6.0286;0.1857;0.4399;21.946948
545;7638;-0.0049;-6.0286;0.1819;0.4357;21.946952
545;7639;-0.0049;-6.0287;0.1783;0.4299;21.946956
545;7640;-0.0049;-6.0285;0.1745;0.4361;21.946960
545;7641;-0.0049;-6.0284;0.1709;0.4465;21.946964
545;7642;-0.0050;-6.0284;0.1671;0.4508;21.946968
545;7643;-0.0050;-6.0283;0.1635;0.4427;21.946972
545;7644;-0.0050;-6.0286;0.1598;0.4376;21.946976
545;7645;-0.0050;-6.0285;0.1561;0.4341;21.946980
545;7646;-0.0050;-6.0285;0.1525;0.4229;21.946984
545;7647;-0.0050;-6.0283;0.1488;0.4245;21.946988
545;7648;-0.0050;-6.0283;0.1450;0.4283;21.946992
545;7649;-0.0050;-6.0284;0.1414;0.4268;21.946996
545;7650;-0.0050;-6.0283;0.1376;0.4321;21.947000
545;7651;-0.0050;-6.0281;0.1340;0.4349;21.947004
545;7652;-0.0050;-6.0283;0.1302;0.4318;21.947008
545;7653;-0.0050;-6.0282;0.1264;0.4298;21.947012
545;7654;-0.0050;-6.0279;0.1228;0.4147;21.947016
545;7655;-0.0050;-6.0280;0.1190;0.3895;21.947020
545;7656;-0.0050;-6.0283;0.1154;0.3728;21.947024
545;7657;-0.0050;-6.0285;0.1116;0.3597;21.947028
545;7658;-0.0050;-6.0284;0.1078;0.3573;21.947032
545;7659;-0.0050;-6.0283;0.1044;0.3663;21.947036
545;7660;-0.0050;-6.0284;0.1006;0.3690;21.947040
545;7661;-0.0050;-6.0278;0.0968;0.3542;21.947044
545;7662;-0.0050;-6.0276;0.0932;0.3341;21.947048
545;7663;-0.0050;-6.0279;0.0895;0.3197;21.947052
545;7664;-0.0050;-6.0279;0.0859;0.3147;21.947056
545;7665;-0.0050;-6.0277;0.0821;0.3194;21.947060
545;7666;-0.0050;-6.0280;0.0785;0.3159;21.947064
545;7667;-0.0050;-6.0278;0.0747;0.2949;21.947068
545;7668;-0.0051;-6.0275;0.0709;0.2794;21.947072
545;7669;-0.0051;-6.0274;0.0673;0.2771;21.947076
545;7670;-0.0051;-6.0269;0.0635;0.2717;21.947080
545;7671;-0.0051;-6.0269;0.0599;0.2616;21.947084
545;7672;-0.0051;-6.0269;0.0561;0.2535;21.947088
545;7673;-0.0051;-6.0270;0.0525;0.2430;21.947092
545;7674;-0.0051;-6.0270;0.0489;0.2337;21.947096
545;7675;-0.0051;-6.0270;0.0451;0.2318;21.947100
545;7676;-0.0051;-6.0270;0.0414;0.2267;21.947104
545;7677;-0.0051;-6.0269;0.0378;0.2159;21.947108
545;7678;-0.0051;-6.0267;0.0340;0.2101;21.947112
545;7679;-0.0051;-6.0269;0.0304;0.2089;21.947116
545;7680;-0.0051;-6.0272;0.0266;0.2042;21.947120
545;7681;-0.0051;-6.0271;0.0228;0.1899;21.947124
545;7682;-0.0051;-6.0268;0.0192;0.1763;21.947128
545;7683;-0.0051;-6.0272;0.0154;0.1639;21.947132
545;7684;-0.0051;-6.0284;0.0118;0.1399;21.947136
545;7685;-0.0051;-6.0316;0.0082;0.1050;21.947140
545;7686;-0.0051;-6.0407;0.0044;0.0650;21.947144
545;7687;-0.0037;-4.6495;0.0006;0.0258;21.947148
545;7688;-0.0009;-1.2787;-0.0006;0.0829;21.947152
545;7689;-0.0003;-0.5843;-0.0006;0.3266;21.947156
545;7690;-0.0003;-0.5891;-0.0010;0.4489;21.947160
545;7691;-0.0003;-0.5903;-0.0014;0.5171;21.947164
545;7692;-0.0003;-0.5907;-0.0017;0.5570;21.947168
545;7693;-0.0003;-0.5908;-0.0021;0.5760;21.947172
545;7694;-0.0003;-0.5910;-0.0025;0.5874;21.947176
545;7695;-0.0003;-0.5908;-0.0028;0.5912;21.947180
545;7696;-0.0003;-0.5908;-0.0032;0.5893;21.947184
545;7697;-0.0003;-0.5912;-0.0036;0.5874;21.947188
545;7698;-0.0003;-0.5915;-0.0039;0.5836;21.947192
545;7699;-0.0003;-0.5917;-0.0043;0.5760;21.947196
545;7700;-0.0003;-0.5919;-0.0047;0.5703;21.947200
545;7701;-0.0003;-0.5919;-0.0050;0.5627;21.947204
545;7702;-0.0003;-0.5915;-0.0054;0.5589;21.947208
545;7703;-0.0003;-0.5914;-0.0057;0.5627;21.947212
545;7704;-0.0003;-0.5912;-0.0061;0.5665;21.947216
545;7705;-0.0003;-0.5912;-0.0065;0.5684;21.947220
545;7706;-0.0003;-0.5915;-0.0068;0.5665;21.947224
545;7707;-0.0003;-0.5917;-0.0072;0.5646;21.947228
545;7708;-0.0003;-0.5911;-0.0075;0.5646;21.947232
545;7709;-0.0003;-0.5906;-0.0079;0.5684;21.947236
545;7710;-0.0003;-0.5906;-0.0083;0.5703;21.947240
545;7711;-0.0003;-0.5904;-0.0086;0.5741;21.947244
545;7712;-0.0003;-0.5904;-0.0090;0.5779;21.947248
545;7713;-0.0003;-0.5904;-0.0094;0.5817;21.947252
545;7714;-0.0003;-0.5902;-0.0097;0.5855;21.947256
545;7715;-0.0003;-0.5904;-0.0101;0.5874;21.947260
545;7716;-0.0003;-0.5907;-0.0104;0.5893;21.947264
545;7717;-0.0003;-0.5911;-0.0108;0.5893;21.947268
545;7718;-0.0003;-0.5907;-0.0112;0.5893;21.947272
545;7719;-0.0003;-0.5906;-0.0115;0.5893;21.947276
545;7720;-0.0003;-0.5900;-0.0119;0.5912;21.947280
545;7721;-0.0003;-0.5897;-0.0122;0.5959;21.947284
545;7722;-0.0003;-0.5898;-0.0126;0.5940;21.947288
545;7723;-0.0003;-0.5900;-0.0130;0.5893;21.947292
545;7724;-0.0003;-0.5896;-0.0133;0.5902;21.947296
545;7725;-0.0003;-0.5896;-0.0137;0.5864;21.947300
545;7726;-0.0003;-0.5899;-0.0141;0.5817;21.947304
545;7727;-0.0003;-0.5903;-0.0144;0.5817;21.947308
545;7728;-0.0003;-0.5906;-0.0148;0.5779;21.947312
545;7729;-0.0003;-0.5905;-0.0151;0.5722;21.947316
545;7730;-0.0003;-0.5896;-0.0155;0.5692;21.947320
545;7731;-0.0003;-0.5897;-0.0159;0.5730;21.947324
545;7732;-0.0003;-0.5903;-0.0162;0.5779;21.947328
545;7733;-0.0003;-0.5901;-0.0166;0.5836;21.947332
545;7734;-0.0003;-0.5890;-0.0169;0.5921;21.947336
545;7735;-0.0003;-0.5888;-0.0173;0.5959;21.947340
545;7736;-0.0003;-0.5893;-0.0177;0.5959;21.947344
545;7737;-0.0003;-0.5895;-0.0180;0.5940;21.947348
545;7738;-0.0003;-0.5893;-0.0184;0.5978;21.947352
545;7739;-0.0003;-0.5893;-0.0187;0.6017;21.947356
545;7740;-0.0003;-0.5891;-0.0191;0.6055;21.947360
545;7741;-0.0003;-0.5889;-0.0195;0.6074;21.947364
545;7742;-0.0003;-0.5893;-0.0198;0.6055;21.947368
545;7743;-0.0003;-0.5897;-0.0202;0.6008;21.947372
545;7744;-0.0003;-0.5897;-0.0206;0.5989;21.947376
545;7745;-0.0003;-0.5897;-0.0209;0.5970;21.947380
545;7746;-0.0003;-0.5894;-0.0213;0.5940;21.947384
545;7747;-0.0003;-0.5890;-0.0216;0.5864;21.947388
545;7748;-0.0003;-0.5890;-0.0220;0.5806;21.947392
545;7749;-0.0003;-0.5890;-0.0224;0.5749;21.947396
545;7750;-0.0003;-0.5892;-0.0227;0.5711;21.947400
545;7751;-0.0003;-0.5896;-0.0231;0.5665;21.947404
545;7752;-0.0003;-0.5898;-0.0235;0.5703;21.947408
545;7753;-0.0003;-0.5894;-0.0238;0.5768;21.947412
545;7754;-0.0003;-0.5893;-0.0242;0.5768;21.947416
545;7755;-0.0003;-0.5896;-0.0245;0.5741;21.947420
545;7756;-0.0003;-0.5898;-0.0249;0.5722;21.947424
545;7757;-0.0003;-0.5896;-0.0253;0.5722;21.947428
545;7758;-0.0003;-0.5895;-0.0256;0.5741;21.947432
545;7759;-0.0003;-0.5899;-0.0260;0.5779;21.947436
545;7760;-0.0003;-0.5902;-0.0264;0.5817;21.947440
545;7761;-0.0003;-0.5901;-0.0268;0.5836;21.947444
545;7762;-0.0003;-0.5899;-0.0271;0.5855;21.947448
545;7763;-0.0003;-0.5901;-0.0275;0.5855;21.947452
545;7764;-0.0003;-0.5900;-0.0278;0.5874;21.947456
545;7765;-0.0003;-0.5900;-0.0282;0.5893;21.947460
545;7766;-0.0003;-0.5898;-0.0285;0.5874;21.947464
545;7767;-0.0003;-0.5900;-0.0289;0.5836;21.947468
545;7768;-0.0003;-0.5905;-0.0293;0.5798;21.947472
545;7769;-0.0003;-0.5907;-0.0297;0.5779;21.947476
545;7770;-0.0003;-0.5907;-0.0300;0.5760;21.947480
545;7771;-0.0003;-0.5909;-0.0304;0.5760;21.947484
545;7772;-0.0003;-0.5904;-0.0307;0.5760;21.947488
545;7773;-0.0003;-0.5900;-0.0311;0.5779;21.947492
545;7774;-0.0003;-0.5904;-0.0315;0.5798;21.947496
545;7775;-0.0003;-0.5905;-0.0318;0.5817;21.947500
545;7776;-0.0003;-0.5901;-0.0322;0.5817;21.947504
545;7777;-0.0003;-0.5899;-0.0325;0.5798;21.947508
545;7778;-0.0003;-0.5899;-0.0329;0.5779;21.947512
545;7779;-0.0003;-0.5899;-0.0333;0.5741;21.947516
545;7780;-0.0003;-0.5897;-0.0336;0.5703;21.947520
545;7781;-0.0003;-0.5897;-0.0340;0.5665;21.947524
545;7782;-0.0003;-0.5895;-0.0343;0.5665;21.947528
545;7783;-0.0003;-0.5897;-0.0347;0.5665;21.947532
545;7784;-0.0003;-0.5900;-0.0351;0.5684;21.947536
545;7785;-0.0003;-0.5901;-0.0355;0.5703;21.947540
545;7786;-0.0003;-0.5901;-0.0358;0.5722;21.947544
545;7787;-0.0003;-0.5897;-0.0362;0.5722;21.947548
545;7788;-0.0003;-0.5897;-0.0365;0.5741;21.947552
545;7789;-0.0003;-0.5900;-0.0369;0.5722;21.947556
545;7790;-0.0003;-0.5895;-0.0372;0.5722;21.947560
545;7791;-0.0003;-0.5891;-0.0376;0.5703;21.947564
545;7792;-0.0003;-0.5893;-0.0380;0.5646;21.947568
545;7793;-0.0003;-0.5895;-0.0383;0.5589;21.947572
545;7794;-0.0003;-0.5895;-0.0387;0.5532;21.947576
545;7795;-0.0003;-0.5902;-0.0391;0.5475;21.947580
545;7796;-0.0003;-0.5904;-0.0395;0.5437;21.947584
545;7797;-0.0003;-0.5904;-0.0398;0.5456;21.947588
545;7798;-0.0003;-0.5908;-0.0402;0.5494;21.947592
545;7799;-0.0003;-0.5908;-0.0406;0.5570;21.947596
545;7800;-0.0003;-0.5907;-0.0409;0.5627;21.947600
545;7801;-0.0003;-0.5907;-0.0413;0.5665;21.947604
545;7802;-0.0003;-0.5904;-0.0417;0.5646;21.947608
545;7803;-0.0003;-0.5902;-0.0420;0.5627;21.947612
545;7804;-0.0003;-0.5902;-0.0424;0.5589;21.947616
545;7805;-0.0003;-0.5898;-0.0427;0.5570;21.947620
545;7806;-0.0003;-0.5899;-0.0431;0.5589;21.947624
545;7807;-0.0003;-0.5905;-0.0435;0.5608;21.947628
545;7808;-0.0003;-0.5905;-0.0438;0.5627;21.947632
545;7809;-0.0003;-0.5902;-0.0442;0.5646;21.947636
545;7810;-0.0003;-0.5898;-0.0445;0.5684;21.947640
545;7811;-0.0003;-0.5897;-0.0449;0.5722;21.947644
545;7812;-0.0003;-0.5895;-0.0452;0.5817;21.947648
545;7813;-0.0003;-0.5894;-0.0456;0.5855;21.947652
545;7814;-0.0003;-0.5896;-0.0460;0.5836;21.947656
545;7815;-0.0003;-0.5899;-0.0464;0.5817;21.947660
545;7816;-0.0003;-0.5900;-0.0467;0.5817;21.947664
545;7817;-0.0003;-0.5898;-0.0471;0.5855;21.947668
545;7818;-0.0003;-0.5895;-0.0474;0.5874;21.947672
545;7819;-0.0003;-0.5895;-0.0478;0.5874;21.947676
545;7820;-0.0003;-0.5897;-0.0482;0.5855;21.947680
545;7821;-0.0003;-0.5901;-0.0486;0.5817;21.947684
545;7822;-0.0003;-0.5901;-0.0489;0.5760;21.947688
545;7823;-0.0003;-0.5896;-0.0492;0.5703;21.947692
545;7824;-0.0003;-0.5896;-0.0496;0.5684;21.947696
545;7825;-0.0003;-0.5898;-0.0500;0.5665;21.947700
545;7826;-0.0003;-0.5900;-0.0504;0.5627;21.947704
545;7827;-0.0003;-0.5902;-0.0508;0.5589;21.947708
545;7828;-0.0003;-0.5907;-0.0512;0.5608;21.947712
545;7829;-0.0003;-0.5908;-0.0515;0.5646;21.947716
545;7830;-0.0003;-0.5905;-0.0519;0.5646;21.947720
545;7831;-0.0003;-0.5901;-0.0522;0.5627;21.947724
545;7832;-0.0003;-0.5901;-0.0526;0.5627;21.947728
545;7833;-0.0003;-0.5900;-0.0529;0.5627;21.947732
545;7834;-0.0003;-0.5900;-0.0533;0.5608;21.947736
545;7835;-0.0003;-0.5902;-0.0537;0.5589;21.947740
545;7836;-0.0003;-0.5899;-0.0540;0.5608;21.947744
545;7837;-0.0003;-0.5897;-0.0544;0.5665;21.947748
545;7838;-0.0003;-0.5899;-0.0547;0.5684;21.947752
545;7839;-0.0003;-0.5902;-0.0551;0.5722;21.947756
545;7840;-0.0003;-0.5902;-0.0555;0.5779;21.947760
545;7841;-0.0004;-0.5905;-0.0559;0.5855;21.947764
545;7842;-0.0004;-0.5906;-0.0563;0.5893;21.947768
545;7843;-0.0004;-0.5904;-0.0566;0.5912;21.947772
545;7844;-0.0004;-0.5903;-0.0570;0.5912;21.947776
545;7845;-0.0004;-0.5905;-0.0574;0.5912;21.947780
545;7846;-0.0004;-0.5903;-0.0577;0.5893;21.947784
545;7847;-0.0004;-0.5900;-0.0581;0.5855;21.947788
545;7848;-0.0004;-0.5900;-0.0584;0.5855;21.947792
545;7849;-0.0004;-0.5904;-0.0588;0.5874;21.947796
545;7850;-0.0004;-0.5906;-0.0592;0.5874;21.947800
545;7851;-0.0004;-0.5910;-0.0596;0.5817;21.947804
545;7852;-0.0004;-0.5908;-0.0599;0.5779;21.947808
545;7853;-0.0004;-0.5902;-0.0602;0.5760;21.947812
545;7854;-0.0004;-0.5900;-0.0606;0.5760;21.947816
545;7855;-0.0004;-0.5904;-0.0610;0.5722;21.947820
545;7856;-0.0004;-0.5906;-0.0614;0.5665;21.947824
545;7857;-0.0004;-0.5901;-0.0617;0.5665;21.947828
545;7858;-0.0004;-0.5900;-0.0621;0.5703;21.947832
545;7859;-0.0004;-0.5902;-0.0625;0.5760;21.947836
545;7860;-0.0004;-0.5903;-0.0628;0.5779;21.947840
545;7861;-0.0004;-0.5904;-0.0632;0.5798;21.947844
545;7862;-0.0004;-0.5908;-0.0636;0.5855;21.947848
545;7863;-0.0004;-0.5908;-0.0640;0.5912;21.947852
545;7864;-0.0004;-0.5910;-0.0644;0.5931;21.947856
545;7865;-0.0004;-0.5908;-0.0647;0.5931;21.947860
545;7866;-0.0004;-0.5907;-0.0651;0.5931;21.947864
545;7867;-0.0004;-0.5907;-0.0654;0.5970;21.947868
545;7868;-0.0004;-0.5903;-0.0658;0.5989;21.947872
545;7869;-0.0004;-0.5901;-0.0661;0.6008;21.947876
545;7870;-0.0004;-0.5901;-0.0665;0.5989;21.947880
545;7871;-0.0004;-0.5900;-0.0668;0.5970;21.947884
545;7872;-0.0004;-0.5902;-0.0672;0.5931;21.947888
545;7873;-0.0004;-0.5901;-0.0676;0.5912;21.947892
545;7874;-0.0004;-0.5901;-0.0679;0.5893;21.947896
545;7875;-0.0004;-0.5903;-0.0683;0.5855;21.947900
545;7876;-0.0004;-0.5905;-0.0687;0.5817;21.947904
545;7877;-0.0004;-0.5903;-0.0691;0.5817;21.947908
545;7878;-0.0004;-0.5899;-0.0694;0.5874;21.947912
545;7879;-0.0004;-0.5897;-0.0697;0.5893;21.947916
545;7880;-0.0004;-0.5901;-0.0701;0.5912;21.947920
545;7881;-0.0004;-0.5907;-0.0706;0.5912;21.947924
545;7882;-0.0004;-0.5905;-0.0709;0.5950;21.947928
545;7883;-0.0004;-0.5900;-0.0712;0.5893;21.947932
545;7884;-0.0004;-0.5899;-0.0716;0.5798;21.947936
545;7885;-0.0004;-0.5896;-0.0719;0.5760;21.947940
545;7886;-0.0004;-0.5896;-0.0723;0.5722;21.947944
545;7887;-0.0004;-0.5900;-0.0727;0.5722;21.947948
545;7888;-0.0004;-0.5907;-0.0731;0.5703;21.947952
545;7889;-0.0004;-0.5906;-0.0735;0.5703;21.947956
545;7890;-0.0004;-0.5908;-0.0739;0.5722;21.947960
545;7891;-0.0004;-0.5907;-0.0743;0.5741;21.947964
545;7892;-0.0004;-0.5903;-0.0746;0.5779;21.947968
545;7893;-0.0004;-0.5902;-0.0749;0.5836;21.947972
545;7894;-0.0004;-0.5902;-0.0753;0.5855;21.947976
545;7895;-0.0004;-0.5904;-0.0757;0.5836;21.947980
545;7896;-0.0004;-0.5907;-0.0761;0.5798;21.947984
545;7897;-0.0004;-0.5907;-0.0765;0.5760;21.947988
545;7898;-0.0004;-0.5908;-0.0769;0.5741;21.947992
545;7899;-0.0004;-0.5909;-0.0772;0.5684;21.947996
545;7900;-0.0004;-0.5908;-0.0776;0.5646;21.948000
545;7901;-0.0004;-0.5907;-0.0779;0.5665;21.948004
545;7902;-0.0004;-0.5906;-0.0783;0.5703;21.948008
545;7903;-0.0004;-0.5906;-0.0787;0.5703;21.948012
545;7904;-0.0004;-0.5903;-0.0790;0.5703;21.948016
545;7905;-0.0004;-0.5908;-0.0794;0.5684;21.948020
545;7906;-0.0004;-0.5912;-0.0798;0.5703;21.948024
545;7907;-0.0004;-0.5912;-0.0802;0.5703;21.948028
545;7908;-0.0004;-0.5910;-0.0806;0.5703;21.948032
545;7909;-0.0004;-0.5908;-0.0809;0.5684;21.948036
545;7910;-0.0004;-0.5907;-0.0813;0.5703;21.948040
545;7911;-0.0004;-0.5910;-0.0817;0.5741;21.948044
545;7912;-0.0004;-0.5911;-0.0821;0.5741;21.948048
545;7913;-0.0004;-0.5911;-0.0824;0.5760;21.948052
545;7914;-0.0004;-0.5912;-0.0828;0.5779;21.948056
545;7915;-0.0004;-0.5912;-0.0832;0.5817;21.948060
545;7916;-0.0004;-0.5909;-0.0835;0.5836;21.948064
545;7917;-0.0004;-0.5907;-0.0838;0.5874;21.948068
545;7918;-0.0004;-0.5905;-0.0842;0.5874;21.948072
545;7919;-0.0004;-0.5901;-0.0845;0.5874;21.948076
545;7920;-0.0004;-0.5898;-0.0848;0.5893;21.948080
545;7921;-0.0004;-0.5904;-0.0853;0.5893;21.948084
545;7922;-0.0004;-0.5911;-0.0858;0.5874;21.948088
545;7923;-0.0004;-0.5910;-0.0861;0.5855;21.948092
545;7924;-0.0004;-0.5903;-0.0864;0.5855;21.948096
545;7925;-0.0004;-0.5905;-0.0868;0.5855;21.948100
545;7926;-0.0004;-0.5909;-0.0872;0.5874;21.948104
545;7927;-0.0004;-0.5910;-0.0876;0.5855;21.948108
545;7928;-0.0004;-0.5910;-0.0880;0.5836;21.948112
545;7929;-0.0004;-0.5913;-0.0884;0.5798;21.948116
545;7930;-0.0004;-0.5913;-0.0888;0.5798;21.948120
545;7931;-0.0004;-0.5912;-0.0891;0.5779;21.948124
545;7932;-0.0004;-0.5912;-0.0895;0.5741;21.948128
545;7933;-0.0004;-0.5909;-0.0898;0.5703;21.948132
545;7934;-0.0004;-0.5909;-0.0902;0.5703;21.948136
545;7935;-0.0004;-0.5908;-0.0905;0.5703;21.948140
545;7936;-0.0004;-0.5907;-0.0909;0.5722;21.948144
545;7937;-0.0004;-0.5905;-0.0912;0.5741;21.948148
545;7938;-0.0004;-0.5909;-0.0917;0.5741;21.948152
545;7939;-0.0004;-0.5913;-0.0921;0.5741;21.948156
545;7940;-0.0004;-0.5914;-0.0925;0.5760;21.948160
545;7941;-0.0004;-0.5914;-0.0929;0.5779;21.948164
545;7942;-0.0004;-0.5916;-0.0933;0.5836;21.948168
545;7943;-0.0004;-0.5912;-0.0936;0.5855;21.948172
545;7944;-0.0004;-0.5910;-0.0939;0.5855;21.948176
545;7945;-0.0004;-0.5911;-0.0943;0.5874;21.948180
545;7946;-0.0004;-0.5911;-0.0947;0.5855;21.948184
545;7947;-0.0004;-0.5908;-0.0950;0.5855;21.948188
545;7948;-0.0004;-0.5906;-0.0953;0.5874;21.948192
545;7949;-0.0004;-0.5907;-0.0957;0.5931;21.948196
545;7950;-0.0004;-0.5911;-0.0962;0.5970;21.948200
545;7951;-0.0004;-0.5911;-0.0965;0.5970;21.948204
545;7952;-0.0004;-0.5907;-0.0968;0.5950;21.948208
545;7953;-0.0004;-0.5911;-0.0973;0.5893;21.948212
545;7954;-0.0004;-0.5914;-0.0977;0.5855;21.948216
545;7955;-0.0004;-0.5910;-0.0980;0.5817;21.948220
545;7956;-0.0004;-0.5906;-0.0983;0.5798;21.948224
545;7957;-0.0004;-0.5907;-0.0987;0.5779;21.948228
545;7958;-0.0004;-0.5908;-0.0991;0.5798;21.948232
545;7959;-0.0004;-0.5906;-0.0994;0.5836;21.948236
545;7960;-0.0004;-0.5909;-0.0998;0.5817;21.948240
545;7961;-0.0004;-0.5910;-0.1002;0.5836;21.948244
545;7962;-0.0004;-0.5909;-0.1006;0.5817;21.948248
545;7963;-0.0004;-0.5908;-0.1009;0.5817;21.948252
545;7964;-0.0004;-0.5910;-0.1014;0.5817;21.948256
545;7965;-0.0004;-0.5910;-0.1017;0.5817;21.948260
545;7966;-0.0004;-0.5909;-0.1021;0.5760;21.948264
545;7967;-0.0004;-0.5911;-0.1025;0.5703;21.948268
545;7968;-0.0004;-0.5911;-0.1029;0.5665;21.948272
545;7969;-0.0004;-0.5914;-0.1033;0.5638;21.948276
545;7970;-0.0004;-0.5916;-0.1037;0.5620;21.948280
545;7971;-0.0004;-0.5918;-0.1041;0.5601;21.948284
545;7972;-0.0004;-0.5914;-0.1044;0.5638;21.948288
545;7973;-0.0004;-0.5910;-0.1047;0.5676;21.948292
545;7974;-0.0004;-0.5913;-0.1051;0.5714;21.948296
545;7975;-0.0004;-0.5917;-0.1056;0.5752;21.948300
545;7976;-0.0004;-0.5919;-0.1060;0.5771;21.948304
545;7977;-0.0004;-0.5918;-0.1064;0.5771;21.948308
545;7978;-0.0004;-0.5917;-0.1067;0.5752;21.948312
545;7979;-0.0004;-0.5917;-0.1071;0.5714;21.948316
545;7980;-0.0004;-0.5912;-0.1074;0.5676;21.948320
545;7981;-0.0004;-0.5915;-0.1078;0.5657;21.948324
545;7982;-0.0004;-0.5918;-0.1082;0.5676;21.948328
545;7983;-0.0004;-0.5916;-0.1086;0.5676;21.948332
545;7984;-0.0004;-0.5916;-0.1090;0.5676;21.948336
545;7985;-0.0004;-0.5920;-0.1094;0.5695;21.948340
545;7986;-0.0004;-0.5921;-0.1098;0.5752;21.948344
545;7987;-0.0004;-0.5918;-0.1101;0.5847;21.948348
545;7988;-0.0004;-0.5918;-0.1105;0.5884;21.948352
545;7989;-0.0004;-0.5920;-0.1109;0.5884;21.948356
545;7990;-0.0004;-0.5919;-0.1112;0.5866;21.948360
545;7991;-0.0004;-0.5916;-0.1116;0.5847;21.948364
545;7992;-0.0004;-0.5913;-0.1119;0.5828;21.948368
545;7993;-0.0004;-0.5910;-0.1122;0.5809;21.948372
545;7994;-0.0004;-0.5909;-0.1126;0.5771;21.948376
545;7995;-0.0004;-0.5911;-0.1130;0.5733;21.948380
545;7996;-0.0004;-0.5914;-0.1134;0.5676;21.948384
545;7997;-0.0004;-0.5914;-0.1138;0.5657;21.948388
545;7998;-0.0004;-0.5916;-0.1142;0.5657;21.948392
545;7999;-0.0004;-0.5913;-0.1145;0.5657;21.948396
545;8000;-0.0004;-0.5912;-0.1149;0.5676;21.948400
545;8001;-0.0004;-0.5911;-0.1152;0.5714;21.948404
545;8002;-0.0004;-0.5908;-0.1156;0.5752;21.948408
545;8003;-0.0004;-0.5909;-0.1159;0.5771;21.948412
545;8004;-0.0004;-0.5913;-0.1164;0.5790;21.948416
545;8005;-0.0004;-0.5916;-0.1168;0.5733;21.948420
545;8006;-0.0004;-0.5915;-0.1172;0.5676;21.948424
545;8007;-0.0004;-0.5914;-0.1176;0.5638;21.948428
545;8008;-0.0004;-0.5914;-0.1179;0.5638;21.948432
545;8009;-0.0004;-0.5915;-0.1183;0.5620;21.948436
545;8010;-0.0004;-0.5918;-0.1188;0.5601;21.948440
545;8011;-0.0004;-0.5917;-0.1191;0.5601;21.948444
545;8012;-0.0004;-0.5917;-0.1195;0.5601;21.948448
545;8013;-0.0004;-0.5917;-0.1199;0.5620;21.948452
545;8014;-0.0004;-0.5913;-0.1202;0.5657;21.948456
545;8015;-0.0004;-0.5912;-0.1205;0.5695;21.948460
545;8016;-0.0004;-0.5914;-0.1210;0.5714;21.948464
545;8017;-0.0004;-0.5918;-0.1214;0.5733;21.948468
545;8018;-0.0004;-0.5922;-0.1219;0.5752;21.948472
545;8019;-0.0004;-0.5923;-0.1223;0.5752;21.948476
545;8020;-0.0004;-0.5918;-0.1226;0.5752;21.948480
545;8021;-0.0004;-0.5915;-0.1229;0.5733;21.948484
545;8022;-0.0004;-0.5914;-0.1232;0.5695;21.948488
545;8023;-0.0004;-0.5913;-0.1236;0.5638;21.948492
545;8024;-0.0004;-0.5915;-0.1240;0.5582;21.948496
545;8025;-0.0004;-0.5917;-0.1244;0.5525;21.948500
545;8026;-0.0004;-0.5922;-0.1249;0.5487;21.948504
545;8027;-0.0004;-0.5924;-0.1253;0.5506;21.948508
545;8028;-0.0004;-0.5923;-0.1257;0.5563;21.948512
545;8029;-0.0004;-0.5922;-0.1261;0.5638;21.948516
545;8030;-0.0004;-0.5921;-0.1264;0.5714;21.948520
545;8031;-0.0004;-0.5919;-0.1268;0.5733;21.948524
545;8032;-0.0004;-0.5920;-0.1271;0.5733;21.948528
545;8033;-0.0004;-0.5921;-0.1275;0.5676;21.948532
545;8034;-0.0004;-0.5922;-0.1280;0.5601;21.948536
545;8035;-0.0004;-0.5920;-0.1283;0.5563;21.948540
545;8036;-0.0004;-0.5917;-0.1286;0.5525;21.948544
545;8037;-0.0004;-0.5916;-0.1290;0.5525;21.948548
545;8038;-0.0004;-0.5919;-0.1294;0.5544;21.948552
545;8039;-0.0004;-0.5921;-0.1298;0.5582;21.948556
545;8040;-0.0004;-0.5924;-0.1303;0.5563;21.948560
545;8041;-0.0004;-0.5922;-0.1306;0.5563;21.948564
545;8042;-0.0004;-0.5914;-0.1308;0.5563;21.948568
545;8043;-0.0004;-0.5911;-0.1311;0.5582;21.948572
545;8044;-0.0004;-0.5912;-0.1316;0.5582;21.948576
545;8045;-0.0004;-0.5914;-0.1320;0.5620;21.948580
545;8046;-0.0004;-0.5920;-0.1325;0.5601;21.948584
545;8047;-0.0004;-0.5922;-0.1329;0.5582;21.948588
545;8048;-0.0004;-0.5921;-0.1332;0.5563;21.948592
545;8049;-0.0004;-0.5917;-0.1336;0.5563;21.948596
545;8050;-0.0004;-0.5914;-0.1339;0.5582;21.948600
545;8051;-0.0004;-0.5912;-0.1342;0.5582;21.948604
545;8052;-0.0004;-0.5915;-0.1347;0.5544;21.948608
545;8053;-0.0004;-0.5922;-0.1352;0.5525;21.948612
545;8054;-0.0004;-0.5927;-0.1357;0.5487;21.948616
545;8055;-0.0005;-0.5924;-0.1360;0.5506;21.948620
545;8056;-0.0005;-0.5919;-0.1363;0.5544;21.948624
545;8057;-0.0005;-0.5920;-0.1367;0.5544;21.948628
545;8058;-0.0005;-0.5921;-0.1371;0.5525;21.948632
545;8059;-0.0005;-0.5922;-0.1375;0.5506;21.948636
545;8060;-0.0005;-0.5918;-0.1378;0.5487;21.948640
545;8061;-0.0005;-0.5917;-0.1381;0.5506;21.948644
545;8062;-0.0005;-0.5918;-0.1386;0.5525;21.948648
545;8063;-0.0005;-0.5919;-0.1390;0.5544;21.948652
545;8064;-0.0005;-0.5919;-0.1393;0.5544;21.948656
545;8065;-0.0005;-0.5920;-0.1398;0.5544;21.948660
545;8066;-0.0005;-0.5923;-0.1402;0.5525;21.948664
545;8067;-0.0005;-0.5923;-0.1406;0.5506;21.948668
545;8068;-0.0005;-0.5924;-0.1410;0.5487;21.948672
545;8069;-0.0005;-0.5924;-0.1414;0.5506;21.948676
545;8070;-0.0005;-0.5920;-0.1417;0.5544;21.948680
545;8071;-0.0005;-0.5922;-0.1421;0.5582;21.948684
545;8072;-0.0005;-0.5923;-0.1425;0.5620;21.948688
545;8073;-0.0005;-0.5918;-0.1428;0.5657;21.948692
545;8074;-0.0005;-0.5917;-0.1431;0.5676;21.948696
545;8075;-0.0005;-0.5920;-0.1436;0.5657;21.948700
545;8076;-0.0005;-0.5919;-0.1439;0.5638;21.948704
545;8077;-0.0005;-0.5919;-0.1443;0.5657;21.948708
545;8078;-0.0005;-0.5920;-0.1447;0.5657;21.948712
545;8079;-0.0005;-0.5922;-0.1452;0.5676;21.948716
545;8080;-0.0005;-0.5927;-0.1457;0.5668;21.948720
545;8081;-0.0005;-0.5932;-0.1462;0.5705;21.948724
545;8082;-0.0005;-0.5928;-0.1465;0.5743;21.948728
545;8083;-0.0005;-0.5924;-0.1468;0.5762;21.948732
545;8084;-0.0005;-0.5921;-0.1471;0.5762;21.948736
545;8085;-0.0005;-0.5922;-0.1475;0.5762;21.948740
545;8086;-0.0005;-0.5922;-0.1479;0.5743;21.948744
545;8087;-0.0005;-0.5923;-0.1483;0.5687;21.948748
545;8088;-0.0005;-0.5922;-0.1486;0.5649;21.948752
545;8089;-0.0005;-0.5921;-0.1490;0.5668;21.948756
545;8090;-0.0005;-0.5922;-0.1494;0.5743;21.948760
545;8091;-0.0005;-0.5921;-0.1498;0.5800;21.948764
545;8092;-0.0005;-0.5922;-0.1502;0.5800;21.948768
545;8093;-0.0005;-0.5926;-0.1507;0.5800;21.948772
545;8094;-0.0005;-0.5925;-0.1510;0.5800;21.948776
545;8095;-0.0005;-0.5926;-0.1515;0.5818;21.948780
545;8096;-0.0005;-0.5930;-0.1519;0.5837;21.948784
545;8097;-0.0005;-0.5931;-0.1524;0.5837;21.948788
545;8098;-0.0005;-0.5930;-0.1527;0.5818;21.948792
545;8099;-0.0005;-0.5930;-0.1531;0.5762;21.948796
545;8100;-0.0005;-0.5931;-0.1535;0.5724;21.948800
545;8101;-0.0005;-0.5931;-0.1539;0.5687;21.948804
545;8102;-0.0005;-0.5928;-0.1542;0.5724;21.948808
545;8103;-0.0005;-0.5927;-0.1546;0.5762;21.948812
545;8104;-0.0005;-0.5928;-0.1550;0.5762;21.948816
545;8105;-0.0005;-0.5925;-0.1553;0.5705;21.948820
545;8106;-0.0005;-0.5924;-0.1557;0.5668;21.948824
545;8107;-0.0005;-0.5929;-0.1562;0.5630;21.948828
545;8108;-0.0005;-0.5929;-0.1566;0.5574;21.948832
545;8109;-0.0005;-0.5928;-0.1569;0.5536;21.948836
545;8110;-0.0005;-0.5931;-0.1574;0.5536;21.948840
545;8111;-0.0005;-0.5932;-0.1578;0.5536;21.948844
545;8112;-0.0005;-0.5927;-0.1581;0.5536;21.948848
545;8113;-0.0005;-0.5924;-0.1584;0.5517;21.948852
545;8114;-0.0005;-0.5927;-0.1589;0.5517;21.948856
545;8115;-0.0005;-0.5931;-0.1594;0.5480;21.948860
545;8116;-0.0005;-0.5932;-0.1598;0.5442;21.948864
545;8117;-0.0005;-0.5933;-0.1602;0.5404;21.948868
545;8118;-0.0005;-0.5928;-0.1604;0.5404;21.948872
545;8119;-0.0005;-0.5922;-0.1607;0.5404;21.948876
545;8120;-0.0005;-0.5921;-0.1610;0.5385;21.948880
545;8121;-0.0005;-0.5923;-0.1615;0.5367;21.948884
545;8122;-0.0005;-0.5930;-0.1621;0.5367;21.948888
545;8123;-0.0005;-0.5931;-0.1625;0.5385;21.948892
545;8124;-0.0005;-0.5930;-0.1629;0.5404;21.948896
545;8125;-0.0005;-0.5933;-0.1633;0.5423;21.948900
545;8126;-0.0005;-0.5932;-0.1637;0.5423;21.948904
545;8127;-0.0005;-0.5931;-0.1641;0.5442;21.948908
545;8128;-0.0005;-0.5928;-0.1644;0.5461;21.948912
545;8129;-0.0005;-0.5929;-0.1648;0.5480;21.948916
545;8130;-0.0005;-0.5931;-0.1652;0.5498;21.948920
545;8131;-0.0005;-0.5930;-0.1656;0.5536;21.948924
545;8132;-0.0005;-0.5929;-0.1659;0.5574;21.948928
545;8133;-0.0005;-0.5928;-0.1663;0.5611;21.948932
545;8134;-0.0005;-0.5929;-0.1667;0.5649;21.948936
545;8135;-0.0005;-0.5931;-0.1672;0.5687;21.948940
545;8136;-0.0005;-0.5932;-0.1676;0.5668;21.948944
545;8137;-0.0005;-0.5928;-0.1679;0.5649;21.948948
545;8138;-0.0005;-0.5925;-0.1682;0.5611;21.948952
545;8139;-0.0005;-0.5924;-0.1686;0.5574;21.948956
545;8140;-0.0005;-0.5926;-0.1690;0.5555;21.948960
545;8141;-0.0005;-0.5931;-0.1696;0.5517;21.948964
545;8142;-0.0005;-0.5937;-0.1701;0.5461;21.948968
545;8143;-0.0005;-0.5938;-0.1705;0.5423;21.948972
545;8144;-0.0005;-0.5932;-0.1708;0.5385;21.948976
545;8145;-0.0005;-0.5926;-0.1710;0.5385;21.948980
545;8146;-0.0005;-0.5926;-0.1714;0.5404;21.948984
545;8147;-0.0005;-0.5927;-0.1718;0.5461;21.948988
545;8148;-0.0005;-0.5928;-0.1722;0.5498;21.948992
545;8149;-0.0005;-0.5929;-0.1726;0.5574;21.948996
545;8150;-0.0005;-0.5928;-0.1730;0.5630;21.949000
545;8151;-0.0005;-0.5928;-0.1734;0.5687;21.949004
545;8152;-0.0005;-0.5930;-0.1739;0.5724;21.949008
545;8153;-0.0005;-0.5932;-0.1743;0.5781;21.949012
545;8154;-0.0005;-0.5935;-0.1748;0.5818;21.949016
545;8155;-0.0005;-0.5932;-0.1751;0.5800;21.949020
545;8156;-0.0005;-0.5929;-0.1754;0.5743;21.949024
545;8157;-0.0005;-0.5932;-0.1759;0.5705;21.949028
545;8158;-0.0005;-0.5937;-0.1764;0.5668;21.949032
545;8159;-0.0005;-0.5936;-0.1768;0.5687;21.949036
545;8160;-0.0005;-0.5933;-0.1771;0.5724;21.949040
545;8161;-0.0005;-0.5936;-0.1776;0.5762;21.949044
545;8162;-0.0005;-0.5933;-0.1779;0.5781;21.949048
545;8163;-0.0005;-0.5932;-0.1783;0.5781;21.949052
545;8164;-0.0005;-0.5936;-0.1788;0.5781;21.949056
545;8165;-0.0005;-0.5938;-0.1793;0.5749;21.949060
545;8166;-0.0005;-0.5933;-0.1795;0.5818;21.949064
545;8167;-0.0005;-0.5930;-0.1798;0.5800;21.949068
545;8168;-0.0005;-0.5928;-0.1801;0.5762;21.949072
545;8169;-0.0005;-0.5928;-0.1805;0.5724;21.949076
545;8170;-0.0005;-0.5927;-0.1809;0.5668;21.949080
545;8171;-0.0005;-0.5928;-0.1813;0.5630;21.949084
545;8172;-0.0005;-0.5931;-0.1818;0.5580;21.949088
545;8173;-0.0005;-0.5926;-0.1821;0.5611;21.949092
545;8174;-0.0005;-0.5928;-0.1825;0.5580;21.949096
545;8175;-0.0005;-0.5934;-0.1831;0.5580;21.949100
545;8176;-0.0005;-0.5936;-0.1836;0.5580;21.949104
545;8177;-0.0005;-0.5935;-0.1839;0.5580;21.949108
545;8178;-0.0005;-0.5935;-0.1843;0.5599;21.949112
545;8179;-0.0005;-0.5936;-0.1848;0.5599;21.949116
545;8180;-0.0005;-0.5937;-0.1852;0.5599;21.949120
545;8181;-0.0005;-0.5937;-0.1856;0.5580;21.949124
545;8182;-0.0005;-0.5935;-0.1859;0.5543;21.949128
545;8183;-0.0005;-0.5934;-0.1863;0.5505;21.949132
545;8184;-0.0005;-0.5932;-0.1866;0.5487;21.949136
545;8185;-0.0005;-0.5934;-0.1871;0.5468;21.949140
545;8186;-0.0005;-0.5938;-0.1876;0.5449;21.949144
545;8187;-0.0005;-0.5934;-0.1879;0.5449;21.949148
545;8188;-0.0005;-0.5935;-0.1884;0.5487;21.949152
545;8189;-0.0005;-0.5936;-0.1888;0.5524;21.949156
545;8190;-0.0005;-0.5935;-0.1891;0.5543;21.949160
545;8191;-0.0005;-0.5934;-0.1895;0.5599;21.949164
545;8192;-0.0005;-0.5933;-0.1898;0.5637;21.949168
545;8193;-0.0005;-0.5931;-0.1902;0.5655;21.949172
545;8194;-0.0005;-0.5935;-0.1907;0.5637;21.949176
545;8195;-0.0005;-0.5936;-0.1912;0.5618;21.949180
545;8196;-0.0005;-0.5935;-0.1915;0.5580;21.949184
545;8197;-0.0005;-0.5937;-0.1920;0.5580;21.949188
545;8198;-0.0005;-0.5937;-0.1924;0.5599;21.949192
545;8199;-0.0005;-0.5935;-0.1927;0.5618;21.949196
545;8200;-0.0005;-0.5932;-0.1931;0.5618;21.949200
545;8201;-0.0005;-0.5933;-0.1935;0.5637;21.949204
545;8202;-0.0005;-0.5936;-0.1940;0.5637;21.949208
545;8203;-0.0005;-0.5937;-0.1944;0.5618;21.949212
545;8204;-0.0005;-0.5935;-0.1948;0.5599;21.949216
545;8205;-0.0005;-0.5934;-0.1951;0.5580;21.949220
545;8206;-0.0005;-0.5938;-0.1957;0.5562;21.949224
545;8207;-0.0005;-0.5941;-0.1962;0.5543;21.949228
545;8208;-0.0005;-0.5946;-0.1967;0.5580;21.949232
545;8209;-0.0005;-0.5948;-0.1972;0.5618;21.949236
545;8210;-0.0005;-0.5951;-0.1977;0.5674;21.949240
545;8211;-0.0005;-0.5952;-0.1982;0.5711;21.949244
545;8212;-0.0005;-0.5946;-0.1984;0.5711;21.949248
545;8213;-0.0005;-0.5940;-0.1986;0.5730;21.949252
545;8214;-0.0005;-0.5939;-0.1989;0.5768;21.949256
545;8215;-0.0005;-0.5940;-0.1994;0.5786;21.949260
545;8216;-0.0005;-0.5939;-0.1998;0.5768;21.949264
545;8217;-0.0005;-0.5938;-0.2001;0.5711;21.949268
545;8218;-0.0005;-0.5938;-0.2005;0.5674;21.949272
545;8219;-0.0005;-0.5937;-0.2009;0.5618;21.949276
545;8220;-0.0005;-0.5938;-0.2013;0.5562;21.949280
545;8221;-0.0005;-0.5937;-0.2017;0.5487;21.949284
545;8222;-0.0005;-0.5934;-0.2020;0.5412;21.949288
545;8223;-0.0005;-0.5935;-0.2025;0.5374;21.949292
545;8224;-0.0005;-0.5938;-0.2030;0.5374;21.949296
545;8225;-0.0005;-0.5939;-0.2034;0.5393;21.949300
545;8226;-0.0005;-0.5940;-0.2039;0.5393;21.949304
545;8227;-0.0005;-0.5937;-0.2041;0.5393;21.949308
545;8228;-0.0005;-0.5935;-0.2045;0.5431;21.949312
545;8229;-0.0005;-0.5938;-0.2050;0.5487;21.949316
545;8230;-0.0005;-0.5939;-0.2054;0.5580;21.949320
545;8231;-0.0005;-0.5940;-0.2059;0.5637;21.949324
545;8232;-0.0006;-0.5943;-0.2064;0.5693;21.949328
545;8233;-0.0006;-0.5944;-0.2068;0.5711;21.949332
545;8234;-0.0006;-0.5943;-0.2072;0.5749;21.949336
545;8235;-0.0006;-0.5940;-0.2075;0.5786;21.949340
545;8236;-0.0006;-0.5939;-0.2079;0.5786;21.949344
545;8237;-0.0006;-0.5937;-0.2083;0.5786;21.949348
545;8238;-0.0006;-0.5940;-0.2087;0.5768;21.949352
545;8239;-0.0006;-0.5942;-0.2092;0.5749;21.949356
545;8240;-0.0006;-0.5942;-0.2096;0.5739;21.949360
545;8241;-0.0006;-0.5944;-0.2101;0.5758;21.949364
545;8242;-0.0006;-0.5945;-0.2106;0.5739;21.949368
545;8243;-0.0006;-0.5945;-0.2110;0.5683;21.949372
545;8244;-0.0006;-0.5945;-0.2114;0.5608;21.949376
545;8245;-0.0006;-0.5946;-0.2118;0.5571;21.949380
545;8246;-0.0006;-0.5947;-0.2123;0.5571;21.949384
545;8247;-0.0006;-0.5950;-0.2128;0.5553;21.949388
545;8248;-0.0006;-0.5949;-0.2132;0.5553;21.949392
545;8249;-0.0006;-0.5945;-0.2135;0.5553;21.949396
545;8250;-0.0006;-0.5942;-0.2137;0.5534;21.949400
545;8251;-0.0006;-0.5946;-0.2143;0.5534;21.949404
545;8252;-0.0006;-0.5950;-0.2149;0.5515;21.949408
545;8253;-0.0006;-0.5947;-0.2152;0.5553;21.949412
545;8254;-0.0006;-0.5943;-0.2155;0.5590;21.949416
545;8255;-0.0006;-0.5944;-0.2159;0.5627;21.949420
545;8256;-0.0006;-0.5945;-0.2163;0.5627;21.949424
545;8257;-0.0006;-0.5941;-0.2166;0.5646;21.949428
545;8258;-0.0006;-0.5942;-0.2171;0.5646;21.949432
545;8259;-0.0006;-0.5943;-0.2175;0.5608;21.949436
545;8260;-0.0006;-0.5942;-0.2179;0.5590;21.949440
545;8261;-0.0006;-0.5940;-0.2182;0.5590;21.949444
545;8262;-0.0006;-0.5937;-0.2185;0.5590;21.949448
545;8263;-0.0006;-0.5940;-0.2190;0.5590;21.949452
545;8264;-0.0006;-0.5945;-0.2196;0.5590;21.949456
545;8265;-0.0006;-0.5948;-0.2202;0.5571;21.949460
545;8266;-0.0006;-0.5951;-0.2207;0.5497;21.949464
545;8267;-0.0006;-0.5953;-0.2212;0.5404;21.949468
545;8268;-0.0006;-0.5946;-0.2213;0.5348;21.949472
545;8269;-0.0006;-0.5945;-0.2217;0.5366;21.949476
545;8270;-0.0006;-0.5950;-0.2223;0.5404;21.949480
545;8271;-0.0006;-0.5955;-0.2229;0.5441;21.949484
545;8272;-0.0006;-0.5954;-0.2233;0.5459;21.949488
545;8273;-0.0006;-0.5952;-0.2236;0.5459;21.949492
545;8274;-0.0006;-0.5945;-0.2238;0.5441;21.949496
545;8275;-0.0006;-0.5942;-0.2241;0.5459;21.949500
545;8276;-0.0006;-0.5941;-0.2245;0.5478;21.949504
545;8277;-0.0006;-0.5946;-0.2251;0.5478;21.949508
545;8278;-0.0006;-0.5949;-0.2256;0.5459;21.949512
545;8279;-0.0006;-0.5948;-0.2260;0.5459;21.949516
545;8280;-0.0006;-0.5943;-0.2262;0.5478;21.949520
545;8281;-0.0006;-0.5942;-0.2266;0.5497;21.949524
545;8282;-0.0006;-0.5947;-0.2272;0.5497;21.949528
545;8283;-0.0006;-0.5954;-0.2279;0.5478;21.949532
545;8284;-0.0006;-0.5950;-0.2282;0.5478;21.949536
545;8285;-0.0006;-0.5944;-0.2284;0.5497;21.949540
545;8286;-0.0006;-0.5945;-0.2288;0.5497;21.949544
545;8287;-0.0006;-0.5948;-0.2293;0.5441;21.949548
545;8288;-0.0006;-0.5947;-0.2297;0.5404;21.949552
545;8289;-0.0006;-0.5949;-0.2302;0.5422;21.949556
545;8290;-0.0006;-0.5949;-0.2306;0.5441;21.949560
545;8291;-0.0006;-0.5947;-0.2310;0.5441;21.949564
545;8292;-0.0006;-0.5943;-0.2312;0.5441;21.949568
545;8293;-0.0006;-0.5942;-0.2316;0.5404;21.949572
545;8294;-0.0006;-0.5947;-0.2322;0.5329;21.949576
545;8295;-0.0006;-0.5950;-0.2328;0.5254;21.949580
545;8296;-0.0006;-0.5950;-0.2332;0.5199;21.949584
545;8297;-0.0006;-0.5949;-0.2336;0.5180;21.949588
545;8298;-0.0006;-0.5949;-0.2340;0.5161;21.949592
545;8299;-0.0006;-0.5948;-0.2344;0.5161;21.949596
545;8300;-0.0006;-0.5943;-0.2346;0.5180;21.949600
545;8301;-0.0006;-0.5938;-0.2349;0.5217;21.949604
545;8302;-0.0006;-0.5945;-0.2355;0.5273;21.949608
545;8303;-0.0006;-0.5949;-0.2361;0.5284;21.949612
545;8304;-0.0006;-0.5949;-0.2365;0.5358;21.949616
545;8305;-0.0006;-0.5949;-0.2370;0.5413;21.949620
545;8306;-0.0006;-0.5954;-0.2376;0.5413;21.949624
545;8307;-0.0006;-0.5957;-0.2381;0.5450;21.949628
545;8308;-0.0006;-0.5955;-0.2385;0.5469;21.949632
545;8309;-0.0006;-0.5952;-0.2388;0.5432;21.949636
545;8310;-0.0006;-0.5955;-0.2393;0.5376;21.949640
545;8311;-0.0006;-0.5954;-0.2397;0.5321;21.949644
545;8312;-0.0006;-0.5950;-0.2400;0.5302;21.949648
545;8313;-0.0006;-0.5948;-0.2403;0.5321;21.949652
545;8314;-0.0006;-0.5949;-0.2408;0.5321;21.949656
545;8315;-0.0006;-0.5948;-0.2411;0.5321;21.949660
545;8316;-0.0006;-0.5951;-0.2417;0.5302;21.949664
545;8317;-0.0006;-0.5953;-0.2422;0.5321;21.949668
545;8318;-0.0006;-0.5953;-0.2427;0.5339;21.949672
545;8319;-0.0006;-0.5955;-0.2431;0.5376;21.949676
545;8320;-0.0006;-0.5953;-0.2435;0.5395;21.949680
545;8321;-0.0006;-0.5952;-0.2439;0.5395;21.949684
545;8322;-0.0006;-0.5952;-0.2443;0.5432;21.949688
545;8323;-0.0006;-0.5949;-0.2446;0.5432;21.949692
545;8324;-0.0006;-0.5947;-0.2450;0.5376;21.949696
545;8325;-0.0006;-0.5954;-0.2457;0.5358;21.949700
545;8326;-0.0006;-0.5957;-0.2462;0.5376;21.949704
545;8327;-0.0006;-0.5953;-0.2465;0.5395;21.949708
545;8328;-0.0006;-0.5946;-0.2466;0.5450;21.949712
545;8329;-0.0006;-0.5946;-0.2470;0.5506;21.949716
545;8330;-0.0006;-0.5950;-0.2476;0.5506;21.949720
545;8331;-0.0006;-0.5953;-0.2482;0.5487;21.949724
545;8332;-0.0006;-0.5955;-0.2487;0.5469;21.949728
545;8333;-0.0006;-0.5953;-0.2491;0.5432;21.949732
545;8334;-0.0006;-0.5949;-0.2493;0.5432;21.949736
545;8335;-0.0006;-0.5947;-0.2497;0.5413;21.949740
545;8336;-0.0006;-0.5947;-0.2501;0.5358;21.949744
545;8337;-0.0006;-0.5946;-0.2505;0.5321;21.949748
545;8338;-0.0006;-0.5947;-0.2510;0.5321;21.949752
545;8339;-0.0006;-0.5954;-0.2517;0.5339;21.949756
545;8340;-0.0006;-0.5959;-0.2523;0.5339;21.949760
545;8341;-0.0006;-0.5957;-0.2527;0.5376;21.949764
545;8342;-0.0006;-0.5954;-0.2530;0.5413;21.949768
545;8343;-0.0006;-0.5956;-0.2535;0.5469;21.949772
545;8344;-0.0006;-0.5957;-0.2540;0.5487;21.949776
545;8345;-0.0006;-0.5957;-0.2544;0.5506;21.949780
545;8346;-0.0006;-0.5956;-0.2548;0.5506;21.949784
545;8347;-0.0006;-0.5956;-0.2552;0.5543;21.949788
545;8348;-0.0006;-0.5955;-0.2556;0.5580;21.949792
545;8349;-0.0006;-0.5953;-0.2559;0.5636;21.949796
545;8350;-0.0006;-0.5954;-0.2564;0.5636;21.949800
545;8351;-0.0006;-0.5951;-0.2567;0.5599;21.949804
545;8352;-0.0006;-0.5948;-0.2570;0.5525;21.949808
545;8353;-0.0006;-0.5947;-0.2574;0.5469;21.949812
545;8354;-0.0006;-0.5946;-0.2578;0.5432;21.949816
545;8355;-0.0006;-0.5950;-0.2584;0.5432;21.949820
545;8356;-0.0006;-0.5951;-0.2589;0.5432;21.949824
545;8357;-0.0006;-0.5953;-0.2594;0.5450;21.949828
545;8358;-0.0006;-0.5954;-0.2599;0.5469;21.949832
545;8359;-0.0006;-0.5955;-0.2603;0.5506;21.949836
545;8360;-0.0006;-0.5953;-0.2607;0.5562;21.949840
545;8361;-0.0006;-0.5955;-0.2613;0.5529;21.949844
545;8362;-0.0006;-0.5954;-0.2616;0.5493;21.949848
545;8363;-0.0006;-0.5963;-0.2625;0.5419;21.949852
545;8364;-0.0006;-0.5964;-0.2629;0.5345;21.949856
545;8365;-0.0006;-0.5958;-0.2631;0.5308;21.949860
545;8366;-0.0006;-0.5952;-0.2633;0.5290;21.949864
545;8367;-0.0006;-0.5952;-0.2637;0.5290;21.949868
545;8368;-0.0006;-0.5951;-0.2641;0.5308;21.949872
545;8369;-0.0006;-0.5953;-0.2647;0.5345;21.949876
545;8370;-0.0006;-0.5956;-0.2652;0.5345;21.949880
545;8371;-0.0006;-0.5959;-0.2658;0.5364;21.949884
545;8372;-0.0006;-0.5961;-0.2663;0.5400;21.949888
545;8373;-0.0006;-0.5962;-0.2668;0.5400;21.949892
545;8374;-0.0006;-0.5956;-0.2670;0.5382;21.949896
545;8375;-0.0006;-0.5952;-0.2672;0.5382;21.949900
545;8376;-0.0006;-0.5953;-0.2677;0.5364;21.949904
545;8377;-0.0006;-0.5956;-0.2683;0.5327;21.949908
545;8378;-0.0006;-0.5958;-0.2688;0.5308;21.949912
545;8379;-0.0006;-0.5956;-0.2692;0.5271;21.949916
545;8380;-0.0006;-0.5956;-0.2696;0.5216;21.949920
545;8381;-0.0007;-0.5959;-0.2702;0.5198;21.949924
545;8382;-0.0007;-0.5962;-0.2708;0.5198;21.949928
545;8383;-0.0007;-0.5959;-0.2711;0.5235;21.949932
545;8384;-0.0007;-0.5960;-0.2716;0.5235;21.949936
545;8385;-0.0007;-0.5961;-0.2720;0.5235;21.949940
545;8386;-0.0007;-0.5962;-0.2725;0.5235;21.949944
545;8387;-0.0007;-0.5962;-0.2730;0.5271;21.949948
545;8388;-0.0007;-0.5960;-0.2733;0.5290;21.949952
545;8389;-0.0007;-0.5960;-0.2738;0.5308;21.949956
545;8390;-0.0007;-0.5957;-0.2741;0.5345;21.949960
545;8391;-0.0007;-0.5955;-0.2744;0.5345;21.949964
545;8392;-0.0007;-0.5955;-0.2749;0.5327;21.949968
545;8393;-0.0007;-0.5956;-0.2754;0.5290;21.949972
545;8394;-0.0007;-0.5955;-0.2757;0.5253;21.949976
545;8395;-0.0007;-0.5953;-0.2761;0.5235;21.949980
545;8396;-0.0007;-0.5958;-0.2767;0.5235;21.949984
545;8397;-0.0007;-0.5959;-0.2773;0.5216;21.949988
545;8398;-0.0007;-0.5960;-0.2777;0.5198;21.949992
545;8399;-0.0007;-0.5958;-0.2781;0.5198;21.949996
545;8400;-0.0007;-0.5959;-0.2786;0.5179;21.950000
545;8401;-0.0007;-0.5963;-0.2793;0.5161;21.950004
545;8402;-0.0007;-0.5968;-0.2799;0.5179;21.950008
545;8403;-0.0007;-0.5966;-0.2803;0.5161;21.950012
545;8404;-0.0007;-0.5962;-0.2805;0.5124;21.950016
545;8405;-0.0007;-0.5958;-0.2808;0.5087;21.950020
545;8406;-0.0007;-0.5958;-0.2813;0.5069;21.950024
545;8407;-0.0007;-0.5961;-0.2818;0.5050;21.950028
545;8408;-0.0007;-0.5961;-0.2823;0.5069;21.950032
545;8409;-0.0007;-0.5961;-0.2827;0.5087;21.950036
545;8410;-0.0007;-0.5960;-0.2831;0.5142;21.950040
545;8411;-0.0007;-0.5958;-0.2835;0.5179;21.950044
545;8412;-0.0007;-0.5959;-0.2840;0.5189;21.950048
545;8413;-0.0007;-0.5965;-0.2847;0.5226;21.950052
545;8414;-0.0007;-0.5968;-0.2853;0.5189;21.950056
545;8415;-0.0007;-0.5965;-0.2856;0.5116;21.950060
545;8416;-0.0007;-0.5960;-0.2858;0.5042;21.950064
545;8417;-0.0007;-0.5960;-0.2863;0.5042;21.950068
545;8418;-0.0007;-0.5961;-0.2868;0.5079;21.950072
545;8419;-0.0007;-0.5959;-0.2871;0.5134;21.950076
545;8420;-0.0007;-0.5959;-0.2876;0.5189;21.950080
545;8421;-0.0007;-0.5960;-0.2881;0.5262;21.950084
545;8422;-0.0007;-0.5960;-0.2885;0.5299;21.950088
545;8423;-0.0007;-0.5960;-0.2890;0.5317;21.950092
545;8424;-0.0007;-0.5961;-0.2895;0.5317;21.950096
545;8425;-0.0007;-0.5965;-0.2901;0.5336;21.950100
545;8426;-0.0007;-0.5966;-0.2906;0.5354;21.950104
545;8427;-0.0007;-0.5961;-0.2908;0.5336;21.950108
545;8428;-0.0007;-0.5956;-0.2910;0.5317;21.950112
545;8429;-0.0007;-0.5958;-0.2916;0.5244;21.950116
545;8430;-0.0007;-0.5959;-0.2921;0.5189;21.950120
545;8431;-0.0007;-0.5957;-0.2924;0.5134;21.950124
545;8432;-0.0007;-0.5960;-0.2931;0.5097;21.950128
545;8433;-0.0007;-0.5965;-0.2937;0.5061;21.950132
545;8434;-0.0007;-0.5966;-0.2942;0.5006;21.950136
545;8435;-0.0007;-0.5964;-0.2946;0.4951;21.950140
545;8436;-0.0007;-0.5960;-0.2949;0.4932;21.950144
545;8437;-0.0007;-0.5959;-0.2952;0.4914;21.950148
545;8438;-0.0007;-0.5960;-0.2958;0.4877;21.950152
545;8439;-0.0007;-0.5965;-0.2965;0.4822;21.950156
545;8440;-0.0007;-0.5965;-0.2969;0.4786;21.950160
545;8441;-0.0007;-0.5966;-0.2974;0.4712;21.950164
545;8442;-0.0007;-0.5967;-0.2980;0.4621;21.950168
545;8443;-0.0007;-0.5968;-0.2985;0.4510;21.950172
545;8444;-0.0007;-0.5973;-0.2991;0.4309;21.950176
545;8445;-0.0007;-0.5977;-0.2998;0.4015;21.950180
545;8446;-0.0007;-0.5985;-0.3007;0.3520;21.950184
545;8447;-0.0007;-0.6002;-0.3020;0.2825;21.950188
545;8448;-0.0007;-0.6035;-0.3041;0.2095;21.950192
545;8449;-0.0007;-0.6091;-0.3074;0.1465;21.950196
545;8450;-0.0007;-0.6167;-0.3117;0.1045;21.950200
545;8451;-0.0007;-0.6237;-0.3158;0.0818;21.950204
545;8452;-0.0008;-0.6279;-0.3183;0.0698;21.950208
545;8453;-0.0008;-0.6302;-0.3200;0.0639;21.950212
545;8454;-0.0008;-0.6321;-0.3214;0.0600;21.950216
545;8455;-0.0008;-0.6309;-0.3213;0.0579;21.950220
545;8456;-0.0008;-0.6279;-0.3203;0.0557;21.950224
545;8457;-0.0008;-0.6261;-0.3199;0.0518;21.950228
545;8458;-0.0008;-0.6272;-0.3209;0.0486;21.950232
545;8459;-0.0008;-0.6270;-0.3213;0.0477;21.950236
545;8460;-0.0008;-0.6254;-0.3209;0.0475;21.950240
545;8461;-0.0008;-0.6252;-0.3213;0.0479;21.950244
545;8462;-0.0008;-0.6245;-0.3215;0.0470;21.950248
545;8463;-0.0008;-0.6239;-0.3216;0.0453;21.950252
545;8464;-0.0007;-0.6205;-0.3204;0.0454;21.950256
545;8465;-0.0017;-1.2510;-0.6469;0.0256;21.950260
545;8466;-0.0017;-1.2377;-0.6410;0.0300;21.950264
545;8467;-0.0017;-1.2260;-0.6359;0.0357;21.950268
545;8468;-0.0017;-1.2171;-0.6322;0.0440;21.950272
545;8469;-0.0027;-1.8512;-0.9630;0.0415;21.950276
545;8470;-0.0027;-1.8469;-0.9622;0.0501;21.950280
545;8471;-0.0027;-1.8420;-0.9611;0.0593;21.950284
545;8472;-0.0027;-1.8377;-0.9603;0.0651;21.950288
545;8473;-0.0027;-1.8345;-0.9600;0.0658;21.950292
545;8474;-0.0027;-1.8324;-0.9604;0.0654;21.950296
545;8475;-0.0027;-1.8302;-0.9607;0.0667;21.950300
545;8476;-0.0027;-1.8279;-0.9609;0.0701;21.950304
545;8477;-0.0027;-1.8258;-0.9611;0.0730;21.950308
545;8478;-0.0027;-1.8241;-0.9617;0.0734;21.950312
545;8479;-0.0026;-1.8219;-0.9620;0.0724;21.950316
545;8480;-0.0026;-1.8195;-0.9621;0.0691;21.950320
545;8481;-0.0026;-1.8164;-0.9619;0.0690;21.950324
545;8482;-0.0026;-1.8128;-0.9614;0.0738;21.950328
545;8483;-0.0026;-1.8105;-0.9617;0.0756;21.950332
545;8484;-0.0026;-1.8089;-0.9622;0.0748;21.950336
545;8485;-0.0026;-1.8064;-0.9624;0.0752;21.950340
545;8486;-0.0026;-1.8038;-0.9624;0.0752;21.950344
545;8487;-0.0026;-1.8020;-0.9628;0.0720;21.950348
545;8488;-0.0026;-1.8005;-0.9634;0.0689;21.950352
545;8489;-0.0026;-1.7990;-0.9640;0.0717;21.950356
545;8490;-0.0026;-1.7961;-0.9639;0.0761;21.950360
545;8491;-0.0026;-1.7930;-0.9637;0.0787;21.950364
545;8492;-0.0026;-1.7902;-0.9636;0.0809;21.950368
545;8493;-0.0026;-1.7876;-0.9636;0.0825;21.950372
545;8494;-0.0026;-1.7855;-0.9639;0.0822;21.950376
545;8495;-0.0026;-1.7844;-0.9647;0.0814;21.950380
545;8496;-0.0026;-1.7830;-0.9653;0.0826;21.950384
545;8497;-0.0026;-1.7809;-0.9656;0.0847;21.950388
545;8498;-0.0026;-1.7788;-0.9660;0.0845;21.950392
545;8499;-0.0026;-1.7761;-0.9658;0.0857;21.950396
545;8500;-0.0026;-1.7742;-0.9663;0.0871;21.950400
545;8501;-0.0026;-1.7727;-0.9668;0.0877;21.950404
545;8502;-0.0026;-1.7706;-0.9671;0.0903;21.950408
545;8503;-0.0026;-1.7680;-0.9671;0.0933;21.950412
545;8504;-0.0026;-1.7646;-0.9666;0.0969;21.950416
545;8505;-0.0026;-1.7620;-0.9666;0.0976;21.950420
545;8506;-0.0026;-1.7603;-0.9671;0.0962;21.950424
545;8507;-0.0026;-1.7583;-0.9674;0.0976;21.950428
545;8508;-0.0026;-1.7563;-0.9677;0.0954;21.950432
545;8509;-0.0026;-1.7541;-0.9679;0.0917;21.950436
545;8510;-0.0026;-1.7519;-0.9681;0.0902;21.950440
545;8511;-0.0026;-1.7502;-0.9685;0.0888;21.950444
545;8512;-0.0026;-1.7492;-0.9693;0.0885;21.950448
545;8513;-0.0026;-1.7476;-0.9699;0.0875;21.950452
545;8514;-0.0026;-1.7452;-0.9699;0.0877;21.950456
545;8515;-0.0026;-1.7423;-0.9698;0.0913;21.950460
545;8516;-0.0026;-1.7395;-0.9696;0.0947;21.950464
545;8517;-0.0026;-1.7375;-0.9699;0.0968;21.950468
545;8518;-0.0026;-1.7355;-0.9702;0.0953;21.950472
545;8519;-0.0026;-1.7337;-0.9705;0.0939;21.950476
545;8520;-0.0026;-1.7321;-0.9710;0.0946;21.950480
545;8521;-0.0026;-1.7307;-0.9717;0.0925;21.950484
545;8522;-0.0026;-1.7287;-0.9719;0.0894;21.950488
545;8523;-0.0026;-1.7275;-0.9726;0.0876;21.950492
545;8524;-0.0026;-1.7260;-0.9732;0.0904;21.950496
545;8525;-0.0026;-1.7230;-0.9729;0.0975;21.950500
545;8526;-0.0026;-1.7208;-0.9730;0.0989;21.950504
545;8527;-0.0026;-1.7198;-0.9739;0.0939;21.950508
545;8528;-0.0026;-1.7174;-0.9740;0.0931;21.950512
545;8529;-0.0026;-1.7152;-0.9740;0.0931;21.950516
545;8530;-0.0026;-1.7138;-0.9747;0.0904;21.950520
545;8531;-0.0026;-1.7124;-0.9752;0.0907;21.950524
545;8532;-0.0026;-1.7105;-0.9756;0.0946;21.950528
545;8533;-0.0026;-1.7084;-0.9758;0.0989;21.950532
545;8534;-0.0026;-1.7061;-0.9758;0.1025;21.950536
545;8535;-0.0026;-1.7035;-0.9758;0.1039;21.950540
545;8536;-0.0026;-1.7009;-0.9756;0.1083;21.950544
545;8537;-0.0026;-1.6991;-0.9760;0.1118;21.950548
545;8538;-0.0026;-1.6985;-0.9770;0.1097;21.950552
545;8539;-0.0026;-1.6973;-0.9777;0.1082;21.950556
545;8540;-0.0026;-1.6959;-0.9783;0.1082;21.950560
545;8541;-0.0026;-1.6946;-0.9789;0.1082;21.950564
545;8542;-0.0026;-1.6923;-0.9790;0.1111;21.950568
545;8543;-0.0026;-1.6901;-0.9791;0.1176;21.950572
545;8544;-0.0026;-1.6887;-0.9797;0.1212;21.950576
545;8545;-0.0026;-1.6881;-0.9807;0.1198;21.950580
545;8546;-0.0026;-1.6871;-0.9815;0.1212;21.950584
545;8547;-0.0026;-1.6852;-0.9818;0.1256;21.950588
545;8548;-0.0026;-1.6834;-0.9821;0.1291;21.950592
545;8549;-0.0026;-1.6811;-0.9821;0.1327;21.950596
545;8550;-0.0026;-1.6797;-0.9827;0.1335;21.950600
545;8551;-0.0026;-1.6789;-0.9836;0.1284;21.950604
545;8552;-0.0026;-1.6777;-0.9843;0.1270;21.950608
545;8553;-0.0026;-1.6759;-0.9847;0.1342;21.950612
545;8554;-0.0026;-1.6745;-0.9852;0.1421;21.950616
545;8555;-0.0026;-1.6731;-0.9858;0.1465;21.950620
545;8556;-0.0026;-1.6720;-0.9866;0.1508;21.950624
545;8557;-0.0026;-1.6715;-0.9876;0.1551;21.950628
545;8558;-0.0026;-1.6707;-0.9885;0.1587;21.950632
545;8559;-0.0026;-1.6696;-0.9892;0.1594;21.950636
545;8560;-0.0026;-1.6687;-0.9900;0.1529;21.950640
545;8561;-0.0026;-1.6683;-0.9912;0.1407;21.950644
545;8562;-0.0026;-1.6675;-0.9921;0.1371;21.950648
545;8563;-0.0026;-1.6669;-0.9931;0.1349;21.950652
545;8564;-0.0026;-1.6664;-0.9943;0.1270;21.950656
545;8565;-0.0026;-1.6660;-0.9954;0.1205;21.950660
545;8566;-0.0026;-1.6658;-0.9967;0.1147;21.950664
545;8567;-0.0026;-1.6662;-0.9983;0.1133;21.950668
545;8568;-0.0026;-1.6662;-0.9997;0.1169;21.950672
545;8569;-0.0026;-1.6652;-1.0004;0.1190;21.950676
545;8570;-0.0026;-1.6647;-1.0016;0.1219;21.950680
545;8571;-0.0026;-1.6645;-1.0029;0.1277;21.950684
545;8572;-0.0026;-1.6639;-1.0039;0.1349;21.950688
545;8573;-0.0026;-1.6637;-1.0052;0.1306;21.950692
545;8574;-0.0026;-1.6644;-1.0069;0.1162;21.950696
545;8575;-0.0026;-1.6646;-1.0085;0.1061;21.950700
545;8576;-0.0026;-1.6640;-1.0096;0.1032;21.950704
545;8577;-0.0026;-1.6631;-1.0104;0.1039;21.950708
545;8578;-0.0026;-1.6631;-1.0117;0.1039;21.950712
545;8579;-0.0026;-1.6632;-1.0132;0.1046;21.950716
545;8580;-0.0026;-1.6632;-1.0146;0.1046;21.950720
545;8581;-0.0026;-1.6627;-1.0157;0.1032;21.950724
545;8582;-0.0026;-1.6630;-1.0173;0.1039;21.950728
545;8583;-0.0026;-1.6630;-1.0187;0.1082;21.950732
545;8584;-0.0026;-1.6630;-1.0200;0.1082;21.950736
545;8585;-0.0026;-1.6638;-1.0220;0.1061;21.950740
545;8586;-0.0027;-1.6637;-1.0233;0.1097;21.950744
545;8587;-0.0027;-1.6630;-1.0243;0.1126;21.950748
545;8588;-0.0027;-1.6634;-1.0260;0.1090;21.950752
545;8589;-0.0027;-1.6648;-1.0282;0.0996;21.950756
545;8590;-0.0027;-1.6670;-1.0309;0.0851;21.950760
545;8591;-0.0027;-1.6699;-1.0342;0.0741;21.950764
545;8592;-0.0027;-1.6730;-1.0375;0.0702;21.950768
545;8593;-0.0027;-1.6773;-1.0416;0.0696;21.950772
545;8594;-0.0027;-1.6838;-1.0472;0.0828;21.950776
545;8595;-0.0038;-2.3008;-1.4327;0.1159;21.950780
545;8596;-0.0038;-2.3007;-1.4347;0.1685;21.950784
545;8597;-0.0038;-2.2984;-1.4352;0.2123;21.950788
545;8598;-0.0038;-2.2952;-1.4352;0.2454;21.950792
545;8599;-0.0038;-2.2924;-1.4354;0.2704;21.950796
545;8600;-0.0038;-2.2901;-1.4359;0.2853;21.950800
545;8601;-0.0038;-2.2872;-1.4361;0.2961;21.950804
545;8602;-0.0038;-2.2840;-1.4360;0.3011;21.950808
545;8603;-0.0038;-2.2801;-1.4354;0.2882;21.950812
545;8604;-0.0038;-2.2733;-1.4331;0.2347;21.950816
545;8605;-0.0037;-2.2534;-1.4225;0.1342;21.950820
545;8606;-0.0036;-2.1934;-1.3865;0.0601;21.950824
545;8607;-0.0035;-2.1274;-1.3467;0.0405;21.950828
545;8608;-0.0024;-1.4914;-0.9453;0.0300;21.950832
545;8609;-0.0024;-1.4741;-0.9357;0.0247;21.950836
545;8610;-0.0024;-1.4644;-0.9307;0.0270;21.950840
545;8611;-0.0034;-2.0710;-1.3181;0.0318;21.950844
545;8612;-0.0034;-2.0700;-1.3192;0.0365;21.950848
545;8613;-0.0034;-2.0657;-1.3183;0.0371;21.950852
545;8614;-0.0034;-2.0568;-1.3144;0.0321;21.950856
545;8615;-0.0023;-1.4350;-0.9183;0.0245;21.950860
545;8616;-0.0023;-1.4161;-0.9074;0.0173;21.950864
545;8617;-0.0022;-1.3923;-0.8933;0.0131;21.950868
545;8618;-0.0022;-1.3635;-0.8760;0.0106;21.950872
545;8619;-0.0021;-1.3200;-0.8492;0.0092;21.950876
545;8620;-0.0021;-1.2862;-0.8286;0.0097;21.950880
545;8621;-0.0020;-1.2742;-0.8220;0.0097;21.950884
545;8622;-0.0020;-1.2666;-0.8182;0.0095;21.950888
545;8623;-0.0020;-1.2644;-0.8178;0.0089;21.950892
545;8624;-0.0020;-1.2569;-0.8141;0.0087;21.950896
545;8625;-0.0020;-1.2506;-0.8111;0.0088;21.950900
545;8626;-0.0020;-1.2633;-0.8204;0.0078;21.950904
545;8627;-0.0021;-1.2982;-0.8442;0.0065;21.950908
545;8628;-0.0022;-1.3364;-0.8702;0.0062;21.950912
545;8629;-0.0023;-1.3944;-0.9092;0.0068;21.950916
545;8630;-0.0024;-1.4393;-0.9398;0.0094;21.950920
545;8631;-0.0024;-1.4511;-0.9487;0.0100;21.950924
545;8632;-0.0024;-1.4584;-0.9548;0.0113;21.950928
545;8633;-0.0024;-1.4691;-0.9630;0.0165;21.950932
545;8634;-0.0024;-1.4716;-0.9660;0.0204;21.950936
545;8635;-0.0024;-1.4715;-0.9672;0.0221;21.950940
545;8636;-0.0024;-1.4761;-0.9716;0.0290;21.950944
545;8637;-0.0035;-2.0811;-1.3717;0.0379;21.950948
545;8638;-0.0035;-2.0792;-1.3722;0.0404;21.950952
545;8639;-0.0035;-2.0759;-1.3719;0.0376;21.950956
545;8640;-0.0035;-2.0751;-1.3731;0.0386;21.950960
545;8641;-0.0035;-2.0767;-1.3760;0.0494;21.950964
545;8642;-0.0035;-2.0761;-1.3776;0.0544;21.950968
545;8643;-0.0035;-2.0723;-1.3767;0.0418;21.950972
545;8644;-0.0024;-1.4626;-0.9730;0.0278;21.950976
545;8645;-0.0024;-1.4554;-0.9695;0.0222;21.950980
545;8646;-0.0024;-1.4558;-0.9710;0.0227;21.950984
545;8647;-0.0024;-1.4560;-0.9725;0.0243;21.950988
545;8648;-0.0024;-1.4527;-0.9715;0.0233;21.950992
545;8649;-0.0024;-1.4461;-0.9684;0.0208;21.950996
545;8650;-0.0024;-1.4393;-0.9652;0.0174;21.951000
545;8651;-0.0024;-1.4269;-0.9581;0.0124;21.951004
545;8652;-0.0024;-1.4093;-0.9476;0.0090;21.951008
545;8653;-0.0023;-1.4030;-0.9446;0.0079;21.951012
545;8654;-0.0023;-1.3907;-0.9375;0.0070;21.951016
545;8655;-0.0023;-1.3595;-0.9177;0.0064;21.951020
545;8656;-0.0022;-1.3432;-0.9078;0.0065;21.951024
545;8657;-0.0022;-1.3451;-0.9104;0.0063;21.951028
545;8658;-0.0023;-1.3688;-0.9276;0.0065;21.951032
545;8659;-0.0023;-1.3939;-0.9459;0.0078;21.951036
545;8660;-0.0023;-1.3957;-0.9484;0.0084;21.951040
545;8661;-0.0023;-1.3834;-0.9413;0.0073;21.951044
545;8662;-0.0023;-1.3774;-0.9384;0.0066;21.951048
545;8663;-0.0023;-1.3839;-0.9441;0.0070;21.951052
545;8664;-0.0023;-1.3886;-0.9486;0.0066;21.951056
545;8665;-0.0023;-1.3872;-0.9489;0.0054;21.951060
545;8666;-0.0024;-1.3894;-0.9516;0.0055;21.951064
545;8667;-0.0024;-1.4077;-0.9655;0.0074;21.951068
545;8668;-0.0025;-1.4469;-0.9936;0.0126;21.951072
545;8669;-0.0036;-2.0689;-1.4225;0.0359;21.951076
545;8670;-0.0036;-2.0764;-1.4296;0.1074;21.951080
545;8671;-0.0036;-2.0778;-1.4324;0.2206;21.951084
545;8672;-0.0036;-2.0767;-1.4336;0.2993;21.951088
545;8673;-0.0036;-2.0744;-1.4339;0.3222;21.951092
545;8674;-0.0036;-2.0718;-1.4339;0.3224;21.951096
545;8675;-0.0036;-2.0690;-1.4339;0.3195;21.951100
545;8676;-0.0036;-2.0664;-1.4339;0.3166;21.951104
545;8677;-0.0036;-2.0638;-1.4340;0.3131;21.951108
545;8678;-0.0036;-2.0607;-1.4337;0.3109;21.951112
545;8679;-0.0036;-2.0578;-1.4337;0.3117;21.951116
545;8680;-0.0036;-2.0550;-1.4336;0.3103;21.951120
545;8681;-0.0036;-2.0521;-1.4334;0.3088;21.951124
545;8682;-0.0036;-2.0493;-1.4334;0.3060;21.951128
545;8683;-0.0036;-2.0466;-1.4333;0.3053;21.951132
545;8684;-0.0036;-2.0442;-1.4334;0.3046;21.951136
545;8685;-0.0036;-2.0418;-1.4337;0.3017;21.951140
545;8686;-0.0036;-2.0394;-1.4339;0.2988;21.951144
545;8687;-0.0036;-2.0366;-1.4338;0.3024;21.951148
545;8688;-0.0036;-2.0336;-1.4335;0.3067;21.951152
545;8689;-0.0036;-2.0307;-1.4333;0.3010;21.951156
545;8690;-0.0036;-2.0279;-1.4333;0.2944;21.951160
545;8691;-0.0036;-2.0251;-1.4331;0.2916;21.951164
545;8692;-0.0036;-2.0225;-1.4331;0.2915;21.951168
545;8693;-0.0036;-2.0198;-1.4330;0.2908;21.951172
545;8694;-0.0036;-2.0167;-1.4328;0.2886;21.951176
545;8695;-0.0036;-2.0139;-1.4325;0.2727;21.951180
545;8696;-0.0036;-2.0101;-1.4318;0.2180;21.951184
545;8697;-0.0036;-2.0015;-1.4275;0.1187;21.951188
545;8698;-0.0035;-1.9592;-1.3991;0.0356;21.951192
545;8699;-0.0022;-1.2459;-0.8909;0.0256;21.951196
545;8700;-0.0021;-1.2197;-0.8733;0.0319;21.951200
545;8701;-0.0021;-1.2176;-0.8729;0.0340;21.951204
545;8702;-0.0021;-1.2165;-0.8733;0.0356;21.951208
545;8703;-0.0021;-1.2128;-0.8717;0.0369;21.951212
545;8704;-0.0021;-1.2107;-0.8714;0.0376;21.951216
545;8705;-0.0021;-1.2098;-0.8718;0.0387;21.951220
545;8706;-0.0021;-1.2080;-0.8716;0.0412;21.951224
545;8707;-0.0021;-1.2068;-0.8720;0.0423;21.951228
545;8708;-0.0021;-1.2057;-0.8723;0.0429;21.951232
545;8709;-0.0021;-1.2033;-0.8717;0.0436;21.951236
545;8710;-0.0021;-1.2013;-0.8713;0.0445;21.951240
545;8711;-0.0021;-1.2003;-0.8717;0.0450;21.951244
545;8712;-0.0021;-1.1999;-0.8725;0.0451;21.951248
545;8713;-0.0021;-1.1992;-0.8732;0.0443;21.951252
545;8714;-0.0021;-1.1994;-0.8744;0.0417;21.951256
545;8715;-0.0021;-1.1990;-0.8753;0.0411;21.951260
545;8716;-0.0021;-1.1966;-0.8747;0.0468;21.951264
545;8717;-0.0021;-1.1949;-0.8746;0.0601;21.951268
545;8718;-0.0032;-1.7765;-1.3019;0.0602;21.951272
545;8719;-0.0021;-1.1948;-0.8767;0.0619;21.951276
545;8720;-0.0021;-1.1948;-0.8778;0.0440;21.951280
545;8721;-0.0021;-1.1945;-0.8788;0.0338;21.951284
545;8722;-0.0021;-1.1973;-0.8820;0.0304;21.951288
545;8723;-0.0021;-1.2011;-0.8858;0.0290;21.951292
545;8724;-0.0021;-1.2005;-0.8866;0.0281;21.951296
545;8725;-0.0021;-1.1988;-0.8865;0.0274;21.951300
545;8726;-0.0021;-1.2011;-0.8893;0.0270;21.951304
545;8727;-0.0021;-1.2034;-0.8921;0.0256;21.951308
545;8728;-0.0021;-1.2026;-0.8927;0.0244;21.951312
545;8729;-0.0021;-1.2011;-0.8928;0.0244;21.951316
545;8730;-0.0021;-1.1998;-0.8929;0.0258;21.951320
545;8731;-0.0021;-1.1993;-0.8937;0.0274;21.951324
545;8732;-0.0021;-1.2002;-0.8955;0.0277;21.951328
545;8733;-0.0021;-1.2028;-0.8986;0.0266;21.951332
545;8734;-0.0022;-1.2060;-0.9021;0.0262;21.951336
545;8735;-0.0022;-1.2088;-0.9053;0.0264;21.951340
545;8736;-0.0022;-1.2125;-0.9093;0.0272;21.951344
545;8737;-0.0022;-1.2348;-0.9272;0.0306;21.951348
545;8738;-0.0035;-1.8650;-1.4022;0.0532;21.951352
545;8739;-0.0035;-1.8902;-1.4230;0.1317;21.951356
545;8740;-0.0035;-1.8960;-1.4291;0.2309;21.951360
545;8741;-0.0035;-1.8959;-1.4309;0.2853;21.951364
545;8742;-0.0035;-1.8943;-1.4315;0.2920;21.951368
545;8743;-0.0035;-1.8918;-1.4314;0.2890;21.951372
545;8744;-0.0035;-1.8892;-1.4314;0.2912;21.951376
545;8745;-0.0035;-1.8868;-1.4313;0.2906;21.951380
545;8746;-0.0035;-1.8843;-1.4313;0.2870;21.951384
545;8747;-0.0035;-1.8818;-1.4312;0.2825;21.951388
545;8748;-0.0035;-1.8794;-1.4312;0.2767;21.951392
545;8749;-0.0035;-1.8769;-1.4311;0.2745;21.951396
545;8750;-0.0035;-1.8746;-1.4312;0.2790;21.951400
545;8751;-0.0035;-1.8722;-1.4312;0.2856;21.951404
545;8752;-0.0035;-1.8699;-1.4312;0.2878;21.951408
545;8753;-0.0035;-1.8676;-1.4313;0.2878;21.951412
545;8754;-0.0035;-1.8651;-1.4312;0.2878;21.951416
545;8755;-0.0035;-1.8626;-1.4310;0.2901;21.951420
545;8756;-0.0035;-1.8604;-1.4312;0.2901;21.951424
545;8757;-0.0035;-1.8586;-1.4316;0.2886;21.951428
545;8758;-0.0035;-1.8563;-1.4316;0.2872;21.951432
545;8759;-0.0035;-1.8536;-1.4314;0.2842;21.951436
545;8760;-0.0035;-1.8511;-1.4313;0.2835;21.951440
545;8761;-0.0035;-1.8489;-1.4314;0.2865;21.951444
545;8762;-0.0035;-1.8467;-1.4314;0.2902;21.951448
545;8763;-0.0035;-1.8443;-1.4314;0.2916;21.951452
545;8764;-0.0035;-1.8418;-1.4313;0.2894;21.951456
545;8765;-0.0035;-1.8398;-1.4315;0.2894;21.951460
545;8766;-0.0035;-1.8379;-1.4319;0.2924;21.951464
545;8767;-0.0035;-1.8355;-1.4318;0.2917;21.951468
545;8768;-0.0035;-1.8326;-1.4313;0.2895;21.951472
545;8769;-0.0035;-1.8299;-1.4311;0.2865;21.951476
545;8770;-0.0035;-1.8275;-1.4310;0.2850;21.951480
545;8771;-0.0035;-1.8252;-1.4310;0.2872;21.951484
545;8772;-0.0035;-1.8226;-1.4308;0.2909;21.951488
545;8773;-0.0035;-1.8198;-1.4303;0.2931;21.951492
545;8774;-0.0035;-1.8172;-1.4301;0.2931;21.951496
545;8775;-0.0035;-1.8148;-1.4301;0.2939;21.951500
545;8776;-0.0035;-1.8124;-1.4299;0.2931;21.951504
545;8777;-0.0035;-1.8099;-1.4298;0.2938;21.951508
545;8778;-0.0035;-1.8074;-1.4296;0.2975;21.951512
545;8779;-0.0035;-1.8050;-1.4295;0.2997;21.951516
545;8780;-0.0035;-1.8025;-1.4293;0.3005;21.951520
545;8781;-0.0035;-1.7998;-1.4290;0.3026;21.951524
545;8782;-0.0035;-1.7973;-1.4289;0.3041;21.951528
545;8783;-0.0035;-1.7947;-1.4285;0.3026;21.951532
545;8784;-0.0035;-1.7920;-1.4283;0.2997;21.951536
545;8785;-0.0035;-1.7896;-1.4281;0.3018;21.951540
545;8786;-0.0035;-1.7875;-1.4282;0.3077;21.951544
545;8787;-0.0035;-1.7853;-1.4283;0.3150;21.951548
545;8788;-0.0035;-1.7828;-1.4281;0.3231;21.951552
545;8789;-0.0035;-1.7805;-1.4280;0.3261;21.951556
545;8790;-0.0023;-1.2156;-0.9761;0.3623;21.951560
545;8791;-0.0023;-1.2136;-0.9758;0.3615;21.951564
545;8792;-0.0023;-1.2116;-0.9754;0.3615;21.951568
545;8793;-0.0023;-1.2100;-0.9753;0.3574;21.951572
545;8794;-0.0023;-1.2087;-0.9755;0.3516;21.951576
545;8795;-0.0023;-1.2074;-0.9756;0.3426;21.951580
545;8796;-0.0023;-1.2061;-0.9758;0.3262;21.951584
545;8797;-0.0023;-1.2048;-0.9760;0.2966;21.951588
545;8798;-0.0023;-1.2032;-0.9760;0.2607;21.951592
545;8799;-0.0023;-1.2018;-0.9761;0.2243;21.951596
545;8800;-0.0023;-1.2002;-0.9759;0.1945;21.951600
545;8801;-0.0023;-1.1979;-0.9753;0.1746;21.951604
545;8802;-0.0023;-1.1942;-0.9735;0.1738;21.951608
545;8803;-0.0023;-1.1891;-0.9705;0.2001;21.951612
545;8804;-0.0023;-1.1842;-0.9677;0.2546;21.951616
545;8805;-0.0011;-0.6223;-0.5092;0.6520;21.951620
545;8806;-0.0011;-0.6204;-0.5083;0.8100;21.951624
545;8807;-0.0011;-0.6193;-0.5080;0.9447;21.951628
545;8808;-0.0011;-0.6187;-0.5081;1.0379;21.951632
545;8809;-0.0011;-0.6182;-0.5084;1.0961;21.951636
545;8810;-0.0011;-0.6176;-0.5086;1.1277;21.951640
545;8811;-0.0011;-0.6170;-0.5087;1.1450;21.951644
545;8812;-0.0011;-0.6166;-0.5090;1.1349;21.951648
545;8813;-0.0011;-0.6159;-0.5091;1.1131;21.951652
545;8814;-0.0011;-0.6154;-0.5093;1.0846;21.951656
545;8815;-0.0011;-0.6146;-0.5093;1.0427;21.951660
545;8816;-0.0011;-0.6139;-0.5093;0.9991;21.951664
545;8817;-0.0011;-0.6131;-0.5092;0.9639;21.951668
545;8818;-0.0011;-0.6124;-0.5093;0.9337;21.951672
545;8819;-0.0011;-0.6118;-0.5094;0.9002;21.951676
545;8820;-0.0011;-0.6113;-0.5097;0.8667;21.951680
545;8821;-0.0011;-0.6106;-0.5097;0.8315;21.951684
545;8822;-0.0011;-0.6096;-0.5095;0.7980;21.951688
545;8823;-0.0011;-0.6087;-0.5094;0.7661;21.951692
545;8824;-0.0011;-0.6077;-0.5092;0.7359;21.951696
545;8825;-0.0011;-0.6068;-0.5091;0.7058;21.951700
545;8826;-0.0011;-0.6057;-0.5088;0.6789;21.951704
545;8827;-0.0011;-0.6048;-0.5087;0.6555;21.951708
545;8828;-0.0011;-0.6044;-0.5089;0.6353;21.951712
545;8829;-0.0011;-0.6042;-0.5094;0.6203;21.951716
545;8830;-0.0011;-0.6039;-0.5098;0.6085;21.951720
545;8831;-0.0011;-0.6039;-0.5104;0.5985;21.951724
545;8832;-0.0011;-0.6036;-0.5109;0.5951;21.951728
545;8833;-0.0011;-0.6032;-0.5112;0.5951;21.951732
545;8834;-0.0011;-0.6032;-0.5117;0.5934;21.951736
545;8835;-0.0011;-0.6035;-0.5127;0.5901;21.951740
545;8836;-0.0011;-0.6038;-0.5135;0.5867;21.951744
545;8837;-0.0011;-0.6037;-0.5141;0.5884;21.951748
545;8838;-0.0011;-0.6035;-0.5146;0.5918;21.951752
545;8839;-0.0011;-0.6035;-0.5152;0.6001;21.951756
545;8840;-0.0011;-0.6037;-0.5160;0.6102;21.951760
545;8841;-0.0011;-0.6035;-0.5165;0.6152;21.951764
545;8842;-0.0011;-0.6032;-0.5169;0.6152;21.951768
545;8843;-0.0011;-0.6033;-0.5176;0.6085;21.951772
545;8844;-0.0011;-0.6034;-0.5183;0.6001;21.951776
545;8845;-0.0011;-0.6037;-0.5192;0.5884;21.951780
545;8846;-0.0011;-0.6038;-0.5199;0.5783;21.951784
545;8847;-0.0011;-0.6036;-0.5204;0.5733;21.951788
545;8848;-0.0011;-0.6036;-0.5211;0.5733;21.951792
545;8849;-0.0011;-0.6036;-0.5218;0.5716;21.951796
545;8850;-0.0011;-0.6035;-0.5223;0.5649;21.951800
545;8851;-0.0011;-0.6038;-0.5232;0.5582;21.951804
545;8852;-0.0011;-0.6046;-0.5245;0.5572;21.951808
545;8853;-0.0011;-0.6057;-0.5262;0.5688;21.951812
545;8854;-0.0011;-0.6069;-0.5278;0.5938;21.951816
545;8855;-0.0011;-0.6079;-0.5294;0.6237;21.951820
545;8856;-0.0011;-0.6083;-0.5303;0.6553;21.951824
545;8857;-0.0011;-0.6085;-0.5312;0.6903;21.951828
545;8858;-0.0011;-0.6087;-0.5320;0.7219;21.951832
545;8859;-0.0011;-0.6086;-0.5326;0.7435;21.951836
545;8860;-0.0011;-0.6082;-0.5329;0.7568;21.951840
545;8861;-0.0011;-0.6077;-0.5332;0.7668;21.951844
545;8862;-0.0011;-0.6074;-0.5335;0.7734;21.951848
545;8863;-0.0011;-0.6069;-0.5337;0.7767;21.951852
545;8864;-0.0011;-0.6066;-0.5341;0.7767;21.951856
545;8865;-0.0011;-0.6064;-0.5346;0.7784;21.951860
545;8866;-0.0011;-0.6060;-0.5350;0.7851;21.951864
545;8867;-0.0011;-0.6057;-0.5354;0.7967;21.951868
545;8868;-0.0011;-0.6056;-0.5359;0.8067;21.951872
545;8869;-0.0011;-0.6056;-0.5366;0.8117;21.951876
545;8870;-0.0011;-0.6053;-0.5369;0.8117;21.951880
545;8871;-0.0011;-0.6046;-0.5370;0.8034;21.951884
545;8872;-0.0011;-0.6041;-0.5372;0.7784;21.951888
545;8873;-0.0011;-0.6037;-0.5376;0.7418;21.951892
545;8874;-0.0011;-0.6036;-0.5381;0.6969;21.951896
545;8875;-0.0011;-0.6036;-0.5388;0.6587;21.951900
545;8876;-0.0011;-0.6035;-0.5394;0.6320;21.951904
545;8877;-0.0011;-0.6035;-0.5401;0.6204;21.951908
545;8878;-0.0011;-0.6035;-0.5407;0.6117;21.951912
545;8879;-0.0011;-0.6035;-0.5414;0.6117;21.951916
545;8880;-0.0011;-0.6036;-0.5421;0.6134;21.951920
545;8881;-0.0011;-0.6036;-0.5427;0.6150;21.951924
545;8882;-0.0011;-0.6032;-0.5431;0.6150;21.951928
545;8883;-0.0011;-0.6032;-0.5437;0.6183;21.951932
545;8884;-0.0011;-0.6034;-0.5447;0.6183;21.951936
545;8885;-0.0011;-0.6036;-0.5455;0.6183;21.951940
545;8886;-0.0011;-0.6037;-0.5463;0.6183;21.951944
545;8887;-0.0011;-0.6038;-0.5470;0.6183;21.951948
545;8888;-0.0011;-0.6038;-0.5477;0.6183;21.951952
545;8889;-0.0012;-0.6038;-0.5483;0.6166;21.951956
545;8890;-0.0012;-0.6035;-0.5488;0.6166;21.951960
545;8891;-0.0012;-0.6032;-0.5491;0.6117;21.951964
545;8892;-0.0012;-0.6031;-0.5498;0.6068;21.951968
545;8893;-0.0012;-0.6033;-0.5506;0.6018;21.951972
545;8894;-0.0012;-0.6033;-0.5513;0.5969;21.951976
545;8895;-0.0012;-0.6031;-0.5518;0.5919;21.951980
545;8896;-0.0012;-0.6032;-0.5525;0.5936;21.951984
545;8897;-0.0012;-0.6031;-0.5532;0.5969;21.951988
545;8898;-0.0012;-0.6031;-0.5539;0.5952;21.951992
545;8899;-0.0012;-0.6031;-0.5545;0.5952;21.951996
545;8900;-0.0012;-0.6034;-0.5554;0.5905;21.952000
545;8901;-0.0012;-0.6035;-0.5562;0.5888;21.952004
545;8902;-0.0012;-0.6031;-0.5566;0.5888;21.952008
545;8903;-0.0012;-0.6031;-0.5573;0.5888;21.952012
545;8904;-0.0012;-0.6036;-0.5584;0.5888;21.952016
545;8905;-0.0012;-0.6035;-0.5590;0.5888;21.952020
545;8906;-0.0012;-0.6031;-0.5594;0.5888;21.952024
545;8907;-0.0012;-0.6032;-0.5601;0.5905;21.952028
545;8908;-0.0012;-0.6033;-0.5608;0.5921;21.952032
545;8909;-0.0012;-0.6031;-0.5614;0.5954;21.952036
545;8910;-0.0012;-0.6030;-0.5619;0.6003;21.952040
545;8911;-0.0012;-0.6030;-0.5626;0.6052;21.952044
545;8912;-0.0012;-0.6033;-0.5636;0.6117;21.952048
545;8913;-0.0012;-0.6033;-0.5643;0.6117;21.952052
545;8914;-0.0012;-0.6034;-0.5651;0.6084;21.952056
545;8915;-0.0012;-0.6033;-0.5657;0.5986;21.952060
545;8916;-0.0012;-0.6033;-0.5664;0.5855;21.952064
545;8917;-0.0012;-0.6031;-0.5669;0.5790;21.952068
545;8918;-0.0012;-0.6030;-0.5675;0.5806;21.952072
545;8919;-0.0012;-0.6032;-0.5685;0.5823;21.952076
545;8920;-0.0012;-0.6033;-0.5692;0.5855;21.952080
545;8921;-0.0012;-0.6033;-0.5700;0.5905;21.952084
545;8922;-0.0012;-0.6032;-0.5705;0.5885;21.952088
545;8923;-0.0012;-0.6032;-0.5712;0.5885;21.952092
545;8924;-0.0012;-0.6030;-0.5717;0.5868;21.952096
545;8925;-0.0012;-0.6028;-0.5723;0.5836;21.952100
545;8926;-0.0012;-0.6029;-0.5730;0.5868;21.952104
545;8927;-0.0012;-0.6031;-0.5739;0.5901;21.952108
545;8928;-0.0012;-0.6032;-0.5747;0.5949;21.952112
545;8929;-0.0012;-0.6031;-0.5753;0.5949;21.952116
545;8930;-0.0012;-0.6030;-0.5760;0.5949;21.952120
545;8931;-0.0012;-0.6030;-0.5767;0.5933;21.952124
545;8932;-0.0012;-0.6032;-0.5776;0.5966;21.952128
545;8933;-0.0012;-0.6032;-0.5783;0.6030;21.952132
545;8934;-0.0012;-0.6030;-0.5788;0.6063;21.952136
545;8935;-0.0012;-0.6026;-0.5791;0.6047;21.952140
545;8936;-0.0012;-0.6026;-0.5799;0.6014;21.952144
545;8937;-0.0012;-0.6029;-0.5808;0.5998;21.952148
545;8938;-0.0012;-0.6031;-0.5817;0.5998;21.952152
545;8939;-0.0012;-0.6030;-0.5824;0.5966;21.952156
545;8940;-0.0012;-0.6029;-0.5829;0.5917;21.952160
545;8941;-0.0012;-0.6029;-0.5836;0.5885;21.952164
545;8942;-0.0012;-0.6031;-0.5846;0.5868;21.952168
545;8943;-0.0012;-0.6031;-0.5854;0.5800;21.952172
545;8944;-0.0012;-0.6028;-0.5857;0.5800;21.952176
545;8945;-0.0012;-0.6027;-0.5864;0.5816;21.952180
545;8946;-0.0012;-0.6027;-0.5871;0.5848;21.952184
545;8947;-0.0012;-0.6028;-0.5880;0.5896;21.952188
545;8948;-0.0012;-0.6034;-0.5892;0.5880;21.952192
545;8949;-0.0012;-0.6036;-0.5901;0.5800;21.952196
545;8950;-0.0012;-0.6037;-0.5910;0.5703;21.952200
545;8951;-0.0012;-0.6037;-0.5917;0.5655;21.952204
545;8952;-0.0012;-0.6033;-0.5920;0.5639;21.952208
545;8953;-0.0012;-0.6030;-0.5924;0.5655;21.952212
545;8954;-0.0012;-0.6030;-0.5931;0.5687;21.952216
545;8955;-0.0012;-0.6032;-0.5941;0.5719;21.952220
545;8956;-0.0012;-0.6035;-0.5951;0.5719;21.952224
545;8957;-0.0012;-0.6034;-0.5957;0.5687;21.952228
545;8958;-0.0012;-0.6031;-0.5962;0.5655;21.952232
545;8959;-0.0012;-0.6029;-0.5967;0.5623;21.952236
545;8960;-0.0012;-0.6029;-0.5975;0.5591;21.952240
545;8961;-0.0012;-0.6032;-0.5985;0.5591;21.952244
545;8962;-0.0012;-0.6030;-0.5991;0.5607;21.952248
545;8963;-0.0012;-0.6029;-0.5997;0.5588;21.952252
545;8964;-0.0013;-0.6033;-0.6009;0.5604;21.952256
545;8965;-0.0013;-0.6033;-0.6016;0.5604;21.952260
545;8966;-0.0013;-0.6031;-0.6021;0.5620;21.952264
545;8967;-0.0013;-0.6029;-0.6027;0.5668;21.952268
545;8968;-0.0013;-0.6031;-0.6035;0.5715;21.952272
545;8969;-0.0013;-0.6033;-0.6045;0.5763;21.952276
545;8970;-0.0013;-0.6033;-0.6053;0.5811;21.952280
545;8971;-0.0013;-0.6032;-0.6059;0.5843;21.952284
545;8972;-0.0013;-0.6033;-0.6068;0.5811;21.952288
545;8973;-0.0013;-0.6033;-0.6075;0.5763;21.952292
545;8974;-0.0013;-0.6031;-0.6080;0.5747;21.952296
545;8975;-0.0013;-0.6031;-0.6087;0.5779;21.952300
545;8976;-0.0013;-0.6031;-0.6094;0.5795;21.952304
545;8977;-0.0013;-0.6031;-0.6103;0.5763;21.952308
545;8978;-0.0013;-0.6031;-0.6110;0.5683;21.952312
545;8979;-0.0013;-0.6032;-0.6118;0.5620;21.952316
545;8980;-0.0013;-0.6032;-0.6126;0.5652;21.952320
545;8981;-0.0013;-0.6032;-0.6133;0.5684;21.952324
545;8982;-0.0013;-0.6031;-0.6140;0.5747;21.952328
545;8983;-0.0013;-0.6032;-0.6148;0.5794;21.952332
545;8984;-0.0013;-0.6033;-0.6157;0.5826;21.952336
545;8985;-0.0013;-0.6032;-0.6164;0.5810;21.952340
545;8986;-0.0013;-0.6032;-0.6171;0.5747;21.952344
545;8987;-0.0013;-0.6031;-0.6178;0.5715;21.952348
545;8988;-0.0013;-0.6031;-0.6185;0.5731;21.952352
545;8989;-0.0013;-0.6031;-0.6193;0.5763;21.952356
545;8990;-0.0013;-0.6032;-0.6202;0.5794;21.952360
545;8991;-0.0013;-0.6031;-0.6208;0.5778;21.952364
545;8992;-0.0013;-0.6031;-0.6216;0.5747;21.952368
545;8993;-0.0013;-0.6032;-0.6225;0.5715;21.952372
545;8994;-0.0013;-0.6032;-0.6232;0.5731;21.952376
545;8995;-0.0013;-0.6030;-0.6238;0.5731;21.952380
545;8996;-0.0013;-0.6029;-0.6244;0.5731;21.952384
545;8997;-0.0013;-0.6029;-0.6252;0.5699;21.952388
545;8998;-0.0013;-0.6028;-0.6259;0.5652;21.952392
545;8999;-0.0013;-0.6029;-0.6268;0.5589;21.952396
545;9000;-0.0013;-0.6032;-0.6278;0.5537;21.952400
545;9001;-0.0013;-0.6033;-0.6287;0.5537;21.952404
545;9002;-0.0013;-0.6034;-0.6296;0.5537;21.952408
545;9003;-0.0013;-0.6035;-0.6304;0.5522;21.952412
545;9004;-0.0013;-0.6032;-0.6309;0.5506;21.952416
545;9005;-0.0013;-0.6031;-0.6316;0.5506;21.952420
545;9006;-0.0013;-0.6031;-0.6323;0.5475;21.952424
545;9007;-0.0013;-0.6030;-0.6331;0.5443;21.952428
545;9008;-0.0013;-0.6030;-0.6338;0.5443;21.952432
545;9009;-0.0013;-0.6030;-0.6346;0.5443;21.952436
545;9010;-0.0013;-0.6031;-0.6355;0.5443;21.952440
545;9011;-0.0013;-0.6033;-0.6365;0.5459;21.952444
545;9012;-0.0013;-0.6031;-0.6371;0.5506;21.952448
545;9013;-0.0013;-0.6031;-0.6378;0.5537;21.952452
545;9014;-0.0013;-0.6031;-0.6386;0.5522;21.952456
545;9015;-0.0013;-0.6033;-0.6396;0.5475;21.952460
545;9016;-0.0013;-0.6038;-0.6409;0.5362;21.952464
545;9017;-0.0013;-0.6036;-0.6415;0.5284;21.952468
545;9018;-0.0013;-0.6035;-0.6421;0.5222;21.952472
545;9019;-0.0013;-0.6034;-0.6429;0.5191;21.952476
545;9020;-0.0013;-0.6035;-0.6438;0.5253;21.952480
545;9021;-0.0013;-0.6034;-0.6444;0.5362;21.952484
545;9022;-0.0013;-0.6030;-0.6449;0.5439;21.952488
545;9023;-0.0013;-0.6030;-0.6457;0.5517;21.952492
545;9024;-0.0013;-0.6033;-0.6468;0.5563;21.952496
545;9025;-0.0013;-0.6038;-0.6481;0.5594;21.952500
545;9026;-0.0013;-0.6036;-0.6487;0.5594;21.952504
545;9027;-0.0013;-0.6032;-0.6491;0.5579;21.952508
545;9028;-0.0013;-0.6030;-0.6496;0.5548;21.952512
545;9029;-0.0013;-0.6032;-0.6506;0.5455;21.952516
545;9030;-0.0013;-0.6033;-0.6515;0.5408;21.952520
545;9031;-0.0013;-0.6033;-0.6524;0.5362;21.952524
545;9032;-0.0013;-0.6034;-0.6532;0.5331;21.952528
545;9033;-0.0014;-0.6032;-0.6538;0.5331;21.952532
545;9034;-0.0014;-0.6030;-0.6543;0.5377;21.952536
545;9035;-0.0014;-0.6029;-0.6551;0.5373;21.952540
545;9036;-0.0014;-0.6030;-0.6560;0.5404;21.952544
545;9037;-0.0014;-0.6032;-0.6570;0.5419;21.952548
545;9038;-0.0014;-0.6032;-0.6579;0.5419;21.952552
545;9039;-0.0014;-0.6032;-0.6586;0.5388;21.952556
545;9040;-0.0014;-0.6033;-0.6595;0.5373;21.952560
545;9041;-0.0014;-0.6033;-0.6604;0.5358;21.952564
545;9042;-0.0014;-0.6035;-0.6614;0.5388;21.952568
545;9043;-0.0014;-0.6034;-0.6621;0.5419;21.952572
545;9044;-0.0014;-0.6034;-0.6630;0.5450;21.952576
545;9045;-0.0014;-0.6036;-0.6640;0.5465;21.952580
545;9046;-0.0014;-0.6036;-0.6648;0.5465;21.952584
545;9047;-0.0014;-0.6032;-0.6651;0.5465;21.952588
545;9048;-0.0014;-0.6029;-0.6657;0.5465;21.952592
545;9049;-0.0014;-0.6027;-0.6662;0.5465;21.952596
545;9050;-0.0014;-0.6030;-0.6674;0.5419;21.952600
545;9051;-0.0014;-0.6032;-0.6685;0.5302;21.952604
545;9052;-0.0014;-0.6031;-0.6692;0.5242;21.952608
545;9053;-0.0014;-0.6029;-0.6698;0.5181;21.952612
545;9054;-0.0014;-0.6030;-0.6707;0.5151;21.952616
545;9055;-0.0014;-0.6030;-0.6716;0.5166;21.952620
545;9056;-0.0014;-0.6032;-0.6726;0.5211;21.952624
545;9057;-0.0014;-0.6034;-0.6737;0.5242;21.952628
545;9058;-0.0014;-0.6035;-0.6746;0.5272;21.952632
545;9059;-0.0014;-0.6034;-0.6753;0.5272;21.952636
545;9060;-0.0014;-0.6032;-0.6760;0.5257;21.952640
545;9061;-0.0014;-0.6030;-0.6766;0.5287;21.952644
545;9062;-0.0014;-0.6029;-0.6772;0.5363;21.952648
545;9063;-0.0014;-0.6029;-0.6781;0.5470;21.952652
545;9064;-0.0014;-0.6032;-0.6792;0.5546;21.952656
545;9065;-0.0014;-0.6035;-0.6804;0.5530;21.952660
545;9066;-0.0014;-0.6035;-0.6813;0.5387;21.952664
545;9067;-0.0014;-0.6032;-0.6819;0.5282;21.952668
545;9068;-0.0014;-0.6033;-0.6828;0.5207;21.952672
545;9069;-0.0014;-0.6035;-0.6839;0.5192;21.952676
545;9070;-0.0014;-0.6038;-0.6851;0.5192;21.952680
545;9071;-0.0014;-0.6039;-0.6860;0.5177;21.952684
545;9072;-0.0014;-0.6034;-0.6863;0.5132;21.952688
545;9073;-0.0014;-0.6032;-0.6868;0.5117;21.952692
545;9074;-0.0014;-0.6029;-0.6874;0.5132;21.952696
545;9075;-0.0014;-0.6028;-0.6881;0.5192;21.952700
545;9076;-0.0014;-0.6027;-0.6889;0.5222;21.952704
545;9077;-0.0014;-0.6029;-0.6899;0.5252;21.952708
545;9078;-0.0014;-0.6028;-0.6906;0.5267;21.952712
545;9079;-0.0014;-0.6027;-0.6914;0.5237;21.952716
545;9080;-0.0014;-0.6030;-0.6926;0.5192;21.952720
545;9081;-0.0014;-0.6033;-0.6939;0.5207;21.952724
545;9082;-0.0014;-0.6034;-0.6948;0.5216;21.952728
545;9083;-0.0014;-0.6033;-0.6956;0.5306;21.952732
545;9084;-0.0014;-0.6032;-0.6963;0.5380;21.952736
545;9085;-0.0014;-0.6030;-0.6969;0.5395;21.952740
545;9086;-0.0014;-0.6030;-0.6978;0.5351;21.952744
545;9087;-0.0014;-0.6030;-0.6987;0.5276;21.952748
545;9088;-0.0014;-0.6033;-0.6999;0.5172;21.952752
545;9089;-0.0014;-0.6034;-0.7009;0.5097;21.952756
545;9090;-0.0014;-0.6033;-0.7016;0.5053;21.952760
545;9091;-0.0014;-0.6033;-0.7025;0.5008;21.952764
545;9092;-0.0014;-0.6033;-0.7034;0.5023;21.952768
545;9093;-0.0014;-0.6033;-0.7043;0.5067;21.952772
545;9094;-0.0014;-0.6034;-0.7052;0.5082;21.952776
545;9095;-0.0015;-0.6033;-0.7060;0.5053;21.952780
545;9096;-0.0015;-0.6034;-0.7069;0.4993;21.952784
545;9097;-0.0015;-0.6034;-0.7078;0.4900;21.952788
545;9098;-0.0015;-0.6034;-0.7087;0.4856;21.952792
545;9099;-0.0015;-0.6033;-0.7095;0.4827;21.952796
545;9100;-0.0015;-0.6033;-0.7104;0.4871;21.952800
545;9101;-0.0015;-0.6032;-0.7111;0.4915;21.952804
545;9102;-0.0015;-0.6032;-0.7121;0.4974;21.952808
545;9103;-0.0015;-0.6032;-0.7129;0.5004;21.952812
545;9104;-0.0015;-0.6033;-0.7140;0.5004;21.952816
545;9105;-0.0015;-0.6032;-0.7147;0.5018;21.952820
545;9106;-0.0015;-0.6029;-0.7153;0.5004;21.952824
545;9107;-0.0015;-0.6029;-0.7162;0.4959;21.952828
545;9108;-0.0015;-0.6032;-0.7174;0.4945;21.952832
545;9109;-0.0015;-0.6033;-0.7185;0.4974;21.952836
545;9110;-0.0015;-0.6035;-0.7196;0.5033;21.952840
545;9111;-0.0015;-0.6036;-0.7205;0.5092;21.952844
545;9112;-0.0015;-0.6034;-0.7212;0.5087;21.952848
545;9113;-0.0015;-0.6033;-0.7219;0.5072;21.952852
545;9114;-0.0015;-0.6031;-0.7227;0.5014;21.952856
545;9115;-0.0015;-0.6031;-0.7236;0.4955;21.952860
545;9116;-0.0015;-0.6034;-0.7248;0.4911;21.952864
545;9117;-0.0015;-0.6037;-0.7261;0.4882;21.952868
545;9118;-0.0015;-0.6037;-0.7270;0.4897;21.952872
545;9119;-0.0015;-0.6036;-0.7278;0.4940;21.952876
545;9120;-0.0015;-0.6035;-0.7286;0.4940;21.952880
545;9121;-0.0015;-0.6034;-0.7293;0.4955;21.952884
545;9122;-0.0015;-0.6035;-0.7304;0.4999;21.952888
545;9123;-0.0015;-0.6035;-0.7313;0.5028;21.952892
545;9124;-0.0015;-0.6034;-0.7321;0.5014;21.952896
545;9125;-0.0015;-0.6034;-0.7330;0.4984;21.952900
545;9126;-0.0015;-0.6034;-0.7339;0.4950;21.952904
545;9127;-0.0015;-0.6034;-0.7348;0.4979;21.952908
545;9128;-0.0015;-0.6035;-0.7359;0.4979;21.952912
545;9129;-0.0015;-0.6038;-0.7372;0.4950;21.952916
545;9130;-0.0015;-0.6037;-0.7380;0.4921;21.952920
545;9131;-0.0015;-0.6033;-0.7385;0.4878;21.952924
545;9132;-0.0015;-0.6034;-0.7395;0.4849;21.952928
545;9133;-0.0015;-0.6037;-0.7407;0.4791;21.952932
545;9134;-0.0015;-0.6037;-0.7417;0.4762;21.952936
545;9135;-0.0015;-0.6037;-0.7426;0.4718;21.952940
545;9136;-0.0015;-0.6036;-0.7435;0.4690;21.952944
545;9137;-0.0015;-0.6036;-0.7444;0.4704;21.952948
545;9138;-0.0015;-0.6036;-0.7453;0.4791;21.952952
545;9139;-0.0015;-0.6037;-0.7463;0.4892;21.952956
545;9140;-0.0015;-0.6039;-0.7475;0.4930;21.952960
545;9141;-0.0015;-0.6038;-0.7483;0.4973;21.952964
545;9142;-0.0015;-0.6034;-0.7488;0.4930;21.952968
545;9143;-0.0015;-0.6032;-0.7494;0.4873;21.952972
545;9144;-0.0015;-0.6031;-0.7503;0.4858;21.952976
545;9145;-0.0015;-0.6033;-0.7516;0.4887;21.952980
545;9146;-0.0015;-0.6035;-0.7527;0.4930;21.952984
545;9147;-0.0015;-0.6036;-0.7538;0.4959;21.952988
545;9148;-0.0015;-0.6035;-0.7545;0.4973;21.952992
545;9149;-0.0015;-0.6036;-0.7556;0.4987;21.952996
545;9150;-0.0016;-0.6038;-0.7569;0.4987;21.953000
545;9151;-0.0016;-0.6038;-0.7579;0.4973;21.953004
545;9152;-0.0016;-0.6039;-0.7589;0.4959;21.953008
545;9153;-0.0016;-0.6037;-0.7596;0.4877;21.953012
545;9154;-0.0016;-0.6036;-0.7604;0.4863;21.953016
545;9155;-0.0016;-0.6035;-0.7613;0.4863;21.953020
545;9156;-0.0016;-0.6036;-0.7624;0.4877;21.953024
545;9157;-0.0016;-0.6033;-0.7630;0.4877;21.953028
545;9158;-0.0016;-0.6033;-0.7639;0.4905;21.953032
545;9159;-0.0016;-0.6035;-0.7651;0.4934;21.953036
545;9160;-0.0016;-0.6037;-0.7663;0.4948;21.953040
545;9161;-0.0016;-0.6036;-0.7671;0.4934;21.953044
545;9162;-0.0016;-0.6037;-0.7682;0.4877;21.953048
545;9163;-0.0016;-0.6037;-0.7692;0.4835;21.953052
545;9164;-0.0016;-0.6036;-0.7701;0.4835;21.953056
545;9165;-0.0016;-0.6037;-0.7711;0.4849;21.953060
545;9166;-0.0016;-0.6037;-0.7721;0.4801;21.953064
545;9167;-0.0016;-0.6038;-0.7732;0.4759;21.953068
545;9168;-0.0016;-0.6036;-0.7740;0.4716;21.953072
545;9169;-0.0016;-0.6038;-0.7752;0.4702;21.953076
545;9170;-0.0016;-0.6039;-0.7764;0.4702;21.953080
545;9171;-0.0016;-0.6040;-0.7774;0.4745;21.953084
545;9172;-0.0016;-0.6039;-0.7784;0.4787;21.953088
545;9173;-0.0016;-0.6038;-0.7792;0.4787;21.953092
545;9174;-0.0016;-0.6038;-0.7801;0.4759;21.953096
545;9175;-0.0016;-0.6037;-0.7811;0.4716;21.953100
545;9176;-0.0016;-0.6037;-0.7821;0.4688;21.953104
545;9177;-0.0016;-0.6036;-0.7829;0.4702;21.953108
545;9178;-0.0016;-0.6033;-0.7835;0.4731;21.953112
545;9179;-0.0016;-0.6033;-0.7844;0.4731;21.953116
545;9180;-0.0016;-0.6034;-0.7855;0.4656;21.953120
545;9181;-0.0016;-0.6036;-0.7868;0.4628;21.953124
545;9182;-0.0016;-0.6037;-0.7879;0.4614;21.953128
545;9183;-0.0016;-0.6038;-0.7892;0.4600;21.953132
545;9184;-0.0016;-0.6040;-0.7903;0.4614;21.953136
545;9185;-0.0016;-0.6038;-0.7912;0.4614;21.953140
545;9186;-0.0016;-0.6039;-0.7922;0.4614;21.953144
545;9187;-0.0016;-0.6039;-0.7933;0.4642;21.953148
545;9188;-0.0016;-0.6040;-0.7944;0.4684;21.953152
545;9189;-0.0016;-0.6040;-0.7954;0.4753;21.953156
545;9190;-0.0016;-0.6041;-0.7966;0.4795;21.953160
545;9191;-0.0016;-0.6040;-0.7974;0.4775;21.953164
545;9192;-0.0016;-0.6039;-0.7983;0.4747;21.953168
545;9193;-0.0016;-0.6037;-0.7991;0.4637;21.953172
545;9194;-0.0016;-0.6036;-0.8000;0.4499;21.953176
545;9195;-0.0016;-0.6039;-0.8013;0.4403;21.953180
545;9196;-0.0016;-0.6041;-0.8028;0.4362;21.953184
545;9197;-0.0016;-0.6041;-0.8037;0.4334;21.953188
545;9198;-0.0016;-0.6041;-0.8048;0.4238;21.953192
545;9199;-0.0016;-0.6045;-0.8063;0.3949;21.953196
545;9200;-0.0017;-0.6058;-0.8090;0.3297;21.953200
545;9201;-0.0017;-0.6088;-0.8141;0.2479;21.953204
545;9202;-0.0017;-0.6146;-0.8228;0.1725;21.953208
545;9203;-0.0017;-0.6216;-0.8334;0.1314;21.953212
545;9204;-0.0017;-0.6259;-0.8403;0.1176;21.953216
545;9205;-0.0017;-0.6280;-0.8440;0.1144;21.953220
545;9206;-0.0017;-0.6287;-0.8461;0.1145;21.953224
545;9207;-0.0017;-0.6288;-0.8474;0.1134;21.953228
545;9208;-0.0017;-0.6292;-0.8490;0.1120;21.953232
545;9209;-0.0017;-0.6290;-0.8498;0.1105;21.953236
545;9210;-0.0017;-0.6283;-0.8499;0.1093;21.953240
545;9211;-0.0017;-0.6280;-0.8506;0.1095;21.953244
545;9212;-0.0017;-0.6281;-0.8518;0.1094;21.953248
545;9213;-0.0017;-0.6281;-0.8529;0.1092;21.953252
545;9214;-0.0018;-0.6280;-0.8538;0.1106;21.953256
545;9215;-0.0018;-0.6283;-0.8553;0.1109;21.953260
545;9216;-0.0018;-0.6284;-0.8567;0.1124;21.953264
545;9217;-0.0018;-0.6282;-0.8574;0.1128;21.953268
545;9218;-0.0018;-0.6280;-0.8584;0.1121;21.953272
545;9219;-0.0018;-0.6277;-0.8591;0.1114;21.953276
545;9220;-0.0018;-0.6276;-0.8600;0.1110;21.953280
545;9221;-0.0018;-0.6276;-0.8611;0.1111;21.953284
545;9222;-0.0018;-0.6277;-0.8623;0.1113;21.953288
545;9223;-0.0018;-0.6269;-0.8624;0.1120;21.953292
545;9224;-0.0018;-0.6257;-0.8618;0.1116;21.953296
545;9225;-0.0018;-0.6256;-0.8627;0.1118;21.953300
545;9226;-0.0018;-0.6260;-0.8644;0.1118;21.953304
545;9227;-0.0018;-0.6257;-0.8651;0.1110;21.953308
545;9228;-0.0018;-0.6256;-0.8661;0.1111;21.953312
545;9229;-0.0018;-0.6262;-0.8680;0.1113;21.953316
545;9230;-0.0018;-0.6263;-0.8694;0.1132;21.953320
545;9231;-0.0018;-0.6260;-0.8701;0.1143;21.953324
545;9232;-0.0018;-0.6256;-0.8705;0.1134;21.953328
545;9233;-0.0018;-0.6258;-0.8720;0.1111;21.953332
545;9234;-0.0018;-0.6262;-0.8737;0.1090;21.953336
545;9235;-0.0018;-0.6261;-0.8747;0.1089;21.953340
545;9236;-0.0018;-0.6262;-0.8760;0.1089;21.953344
545;9237;-0.0018;-0.6261;-0.8769;0.1086;21.953348
545;9238;-0.0018;-0.6254;-0.8772;0.1088;21.953352
545;9239;-0.0018;-0.6252;-0.8780;0.1094;21.953356
545;9240;-0.0018;-0.6253;-0.8792;0.1092;21.953360
545;9241;-0.0018;-0.6252;-0.8803;0.1079;21.953364
545;9242;-0.0018;-0.6245;-0.8804;0.1067;21.953368
545;9243;-0.0018;-0.6244;-0.8814;0.1057;21.953372
545;9244;-0.0018;-0.6251;-0.8835;0.1060;21.953376
545;9245;-0.0018;-0.6255;-0.8852;0.1063;21.953380
545;9246;-0.0018;-0.6253;-0.8862;0.1061;21.953384
545;9247;-0.0018;-0.6255;-0.8876;0.1071;21.953388
545;9248;-0.0018;-0.6254;-0.8886;0.1082;21.953392
545;9249;-0.0018;-0.6248;-0.8890;0.1075;21.953396
545;9250;-0.0018;-0.6242;-0.8892;0.1057;21.953400
545;9251;-0.0018;-0.6242;-0.8903;0.1040;21.953404
545;9252;-0.0018;-0.6242;-0.8915;0.1038;21.953408
545;9253;-0.0018;-0.6240;-0.8925;0.1045;21.953412
545;9254;-0.0018;-0.6242;-0.8939;0.1038;21.953416
545;9255;-0.0018;-0.6242;-0.8951;0.1043;21.953420
545;9256;-0.0018;-0.6242;-0.8962;0.1051;21.953424
545;9257;-0.0018;-0.6239;-0.8970;0.1049;21.953428
545;9258;-0.0018;-0.6236;-0.8977;0.1036;21.953432
545;9259;-0.0018;-0.6235;-0.8987;0.1023;21.953436
545;9260;-0.0018;-0.6233;-0.8996;0.1028;21.953440
545;9261;-0.0018;-0.6233;-0.9009;0.1038;21.953444
545;9262;-0.0018;-0.6238;-0.9027;0.1053;21.953448
545;9263;-0.0018;-0.6242;-0.9044;0.1077;21.953452
545;9264;-0.0019;-0.6244;-0.9060;0.1080;21.953456
545;9265;-0.0019;-0.6244;-0.9071;0.1079;21.953460
545;9266;-0.0019;-0.6242;-0.9080;0.1074;21.953464
545;9267;-0.0019;-0.6237;-0.9085;0.1065;21.953468
545;9268;-0.0019;-0.6235;-0.9094;0.1050;21.953472
545;9269;-0.0019;-0.6233;-0.9103;0.1046;21.953476
545;9270;-0.0019;-0.6229;-0.9109;0.1048;21.953480
545;9271;-0.0019;-0.6224;-0.9114;0.1045;21.953484
545;9272;-0.0019;-0.6223;-0.9125;0.1045;21.953488
545;9273;-0.0019;-0.6224;-0.9138;0.1052;21.953492
545;9274;-0.0019;-0.6223;-0.9148;0.1052;21.953496
545;9275;-0.0019;-0.6222;-0.9159;0.1044;21.953500
545;9276;-0.0019;-0.6224;-0.9175;0.1043;21.953504
545;9277;-0.0019;-0.6225;-0.9188;0.1044;21.953508
545;9278;-0.0019;-0.6221;-0.9194;0.1027;21.953512
545;9279;-0.0019;-0.6230;-0.9220;0.1019;21.953516
545;9280;-0.0019;-0.6235;-0.9240;0.1023;21.953520
545;9281;-0.0019;-0.6230;-0.9244;0.1032;21.953524
545;9282;-0.0019;-0.6230;-0.9257;0.1044;21.953528
545;9283;-0.0019;-0.6234;-0.9274;0.1046;21.953532
545;9284;-0.0019;-0.6231;-0.9282;0.1049;21.953536
545;9285;-0.0019;-0.6225;-0.9286;0.1060;21.953540
545;9286;-0.0019;-0.6225;-0.9298;0.1062;21.953544
545;9287;-0.0019;-0.6229;-0.9317;0.1048;21.953548
545;9288;-0.0019;-0.6231;-0.9331;0.1049;21.953552
545;9289;-0.0019;-0.6230;-0.9342;0.1043;21.953556
545;9290;-0.0019;-0.6226;-0.9349;0.1035;21.953560
545;9291;-0.0019;-0.6221;-0.9354;0.1036;21.953564
545;9292;-0.0019;-0.6225;-0.9373;0.1037;21.953568
545;9293;-0.0019;-0.6228;-0.9390;0.1023;21.953572
545;9294;-0.0019;-0.6229;-0.9404;0.1012;21.953576
545;9295;-0.0019;-0.6228;-0.9415;0.1016;21.953580
545;9296;-0.0019;-0.6223;-0.9419;0.1026;21.953584
545;9297;-0.0019;-0.6222;-0.9431;0.1032;21.953588
545;9298;-0.0019;-0.6230;-0.9456;0.1019;21.953592
545;9299;-0.0019;-0.6232;-0.9471;0.1013;21.953596
545;9300;-0.0019;-0.6229;-0.9479;0.1014;21.953600
545;9301;-0.0019;-0.6227;-0.9489;0.1015;21.953604
545;9302;-0.0019;-0.6229;-0.9505;0.1007;21.953608
545;9303;-0.0019;-0.6228;-0.9515;0.1004;21.953612
545;9304;-0.0019;-0.6226;-0.9525;0.1014;21.953616
545;9305;-0.0019;-0.6230;-0.9545;0.1015;21.953620
545;9306;-0.0019;-0.6229;-0.9556;0.0999;21.953624
545;9307;-0.0020;-0.6231;-0.9571;0.1002;21.953628
545;9308;-0.0020;-0.6235;-0.9591;0.1012;21.953632
545;9309;-0.0020;-0.6236;-0.9605;0.1008;21.953636
545;9310;-0.0020;-0.6237;-0.9620;0.1002;21.953640
545;9311;-0.0020;-0.6236;-0.9631;0.0995;21.953644
545;9312;-0.0020;-0.6235;-0.9642;0.0986;21.953648
545;9313;-0.0020;-0.6235;-0.9655;0.0974;21.953652
545;9314;-0.0020;-0.6238;-0.9672;0.0970;21.953656
545;9315;-0.0020;-0.6244;-0.9695;0.0986;21.953660
545;9316;-0.0020;-0.6246;-0.9711;0.0996;21.953664
545;9317;-0.0020;-0.6241;-0.9717;0.1002;21.953668
545;9318;-0.0020;-0.6239;-0.9727;0.1009;21.953672
545;9319;-0.0020;-0.6244;-0.9748;0.1013;21.953676
545;9320;-0.0020;-0.6243;-0.9760;0.1005;21.953680
545;9321;-0.0020;-0.6238;-0.9765;0.0992;21.953684
545;9322;-0.0020;-0.6241;-0.9783;0.0976;21.953688
545;9323;-0.0020;-0.6244;-0.9801;0.0989;21.953692
545;9324;-0.0020;-0.6242;-0.9810;0.1011;21.953696
545;9325;-0.0020;-0.6239;-0.9819;0.1011;21.953700
545;9326;-0.0020;-0.6241;-0.9835;0.0999;21.953704
545;9327;-0.0020;-0.6241;-0.9849;0.0986;21.953708
545;9328;-0.0020;-0.6241;-0.9863;0.0987;21.953712
545;9329;-0.0020;-0.6242;-0.9878;0.0990;21.953716
545;9330;-0.0020;-0.6241;-0.9888;0.0990;21.953720
545;9331;-0.0020;-0.6238;-0.9898;0.0991;21.953724
545;9332;-0.0020;-0.6244;-0.9920;0.0978;21.953728
545;9333;-0.0020;-0.6254;-0.9951;0.0971;21.953732
545;9334;-0.0020;-0.6260;-0.9972;0.0969;21.953736
545;9335;-0.0020;-0.6252;-0.9974;0.0972;21.953740
545;9336;-0.0020;-0.6238;-0.9966;0.0974;21.953744
545;9337;-0.0020;-0.6239;-0.9981;0.0982;21.953748
545;9338;-0.0020;-0.6244;-1.0003;0.0992;21.953752
545;9339;-0.0020;-0.6248;-1.0023;0.0987;21.953756
545;9340;-0.0020;-0.6257;-1.0050;0.0983;21.953760
545;9341;-0.0021;-0.6261;-1.0071;0.0975;21.953764
545;9342;-0.0021;-0.6257;-1.0078;0.0966;21.953768
545;9343;-0.0021;-0.6257;-1.0093;0.0961;21.953772
545;9344;-0.0021;-0.6257;-1.0107;0.0965;21.953776
545;9345;-0.0021;-0.6253;-1.0113;0.0968;21.953780
545;9346;-0.0021;-0.6250;-1.0123;0.0965;21.953784
545;9347;-0.0021;-0.6249;-1.0134;0.0956;21.953788
545;9348;-0.0021;-0.6244;-1.0140;0.0962;21.953792
545;9349;-0.0021;-0.6238;-1.0143;0.0956;21.953796
545;9350;-0.0021;-0.6241;-1.0164;0.0946;21.953800
545;9351;-0.0021;-0.6249;-1.0191;0.0949;21.953804
545;9352;-0.0021;-0.6256;-1.0216;0.0960;21.953808
545;9353;-0.0021;-0.6256;-1.0231;0.0959;21.953812
545;9354;-0.0021;-0.6256;-1.0245;0.0942;21.953816
545;9355;-0.0021;-0.6256;-1.0259;0.0934;21.953820
545;9356;-0.0021;-0.6257;-1.0275;0.0925;21.953824
545;9357;-0.0021;-0.6258;-1.0289;0.0921;21.953828
545;9358;-0.0021;-0.6260;-1.0307;0.0925;21.953832
545;9359;-0.0021;-0.6260;-1.0321;0.0936;21.953836
545;9360;-0.0021;-0.6262;-1.0339;0.0949;21.953840
545;9361;-0.0021;-0.6261;-1.0353;0.0961;21.953844
545;9362;-0.0021;-0.6259;-1.0362;0.0945;21.953848
545;9363;-0.0021;-0.6258;-1.0376;0.0936;21.953852
545;9364;-0.0021;-0.6263;-1.0398;0.0940;21.953856
545;9365;-0.0021;-0.6271;-1.0425;0.0937;21.953860
545;9366;-0.0021;-0.6276;-1.0450;0.0924;21.953864
545;9367;-0.0021;-0.6277;-1.0465;0.0907;21.953868
545;9368;-0.0021;-0.6269;-1.0467;0.0901;21.953872
545;9369;-0.0021;-0.6269;-1.0480;0.0904;21.953876
545;9370;-0.0021;-0.6270;-1.0497;0.0916;21.953880
545;9371;-0.0021;-0.6281;-1.0530;0.0927;21.953884
545;9372;-0.0021;-0.6285;-1.0552;0.0937;21.953888
545;9373;-0.0022;-0.6285;-1.0566;0.0948;21.953892
545;9374;-0.0022;-0.6283;-1.0578;0.0943;21.953896
545;9375;-0.0022;-0.6277;-1.0581;0.0933;21.953900
545;9376;-0.0022;-0.6275;-1.0593;0.0930;21.953904
545;9377;-0.0022;-0.6280;-1.0617;0.0943;21.953908
545;9378;-0.0022;-0.6286;-1.0643;0.0953;21.953912
545;9379;-0.0022;-0.6289;-1.0663;0.0948;21.953916
545;9380;-0.0022;-0.6290;-1.0678;0.0938;21.953920
545;9381;-0.0022;-0.6287;-1.0689;0.0924;21.953924
545;9382;-0.0022;-0.6287;-1.0704;0.0922;21.953928
545;9383;-0.0022;-0.6287;-1.0718;0.0925;21.953932
545;9384;-0.0022;-0.6284;-1.0728;0.0931;21.953936
545;9385;-0.0022;-0.6287;-1.0749;0.0930;21.953940
545;9386;-0.0022;-0.6297;-1.0782;0.0935;21.953944
545;9387;-0.0022;-0.6300;-1.0801;0.0934;21.953948
545;9388;-0.0022;-0.6292;-1.0803;0.0932;21.953952
545;9389;-0.0022;-0.6290;-1.0816;0.0916;21.953956
545;9390;-0.0022;-0.6297;-1.0843;0.0904;21.953960
545;9391;-0.0022;-0.6299;-1.0861;0.0901;21.953964
545;9392;-0.0022;-0.6293;-1.0865;0.0906;21.953968
545;9393;-0.0022;-0.6287;-1.0871;0.0909;21.953972
545;9394;-0.0022;-0.6284;-1.0881;0.0906;21.953976
545;9395;-0.0022;-0.6288;-1.0903;0.0903;21.953980
545;9396;-0.0022;-0.6296;-1.0933;0.0890;21.953984
545;9397;-0.0022;-0.6296;-1.0949;0.0888;21.953988
545;9398;-0.0022;-0.6298;-1.0966;0.0891;21.953992
545;9399;-0.0022;-0.6302;-1.0990;0.0897;21.953996
545;9400;-0.0022;-0.6301;-1.1004;0.0901;21.954000
545;9401;-0.0022;-0.6298;-1.1014;0.0908;21.954004
545;9402;-0.0022;-0.6300;-1.1034;0.0903;21.954008
545;9403;-0.0022;-0.6306;-1.1060;0.0897;21.954012
545;9404;-0.0023;-0.6308;-1.1080;0.0901;21.954016
545;9405;-0.0023;-0.6311;-1.1100;0.0905;21.954020
545;9406;-0.0023;-0.6319;-1.1130;0.0893;21.954024
545;9407;-0.0023;-0.6322;-1.1151;0.0875;21.954028
545;9408;-0.0023;-0.6325;-1.1173;0.0871;21.954032
545;9409;-0.0023;-0.6327;-1.1192;0.0873;21.954036
545;9410;-0.0023;-0.6326;-1.1206;0.0878;21.954040
545;9411;-0.0023;-0.6320;-1.1212;0.0885;21.954044
545;9412;-0.0023;-0.6317;-1.1222;0.0890;21.954048
545;9413;-0.0023;-0.6314;-1.1234;0.0895;21.954052
545;9414;-0.0023;-0.6313;-1.1247;0.0894;21.954056
545;9415;-0.0023;-0.6315;-1.1268;0.0877;21.954060
545;9416;-0.0023;-0.6319;-1.1290;0.0875;21.954064
545;9417;-0.0023;-0.6318;-1.1306;0.0882;21.954068
545;9418;-0.0023;-0.6316;-1.1318;0.0889;21.954072
545;9419;-0.0023;-0.6310;-1.1324;0.0889;21.954076
545;9420;-0.0023;-0.6309;-1.1338;0.0880;21.954080
545;9421;-0.0023;-0.6311;-1.1358;0.0875;21.954084
545;9422;-0.0023;-0.6314;-1.1380;0.0861;21.954088
545;9423;-0.0023;-0.6317;-1.1403;0.0857;21.954092
545;9424;-0.0023;-0.6326;-1.1435;0.0854;21.954096
545;9425;-0.0023;-0.6330;-1.1459;0.0855;21.954100
545;9426;-0.0023;-0.6330;-1.1475;0.0852;21.954104
545;9427;-0.0023;-0.6331;-1.1495;0.0862;21.954108
545;9428;-0.0023;-0.6331;-1.1511;0.0870;21.954112
545;9429;-0.0023;-0.6325;-1.1515;0.0880;21.954116
545;9430;-0.0023;-0.6325;-1.1533;0.0892;21.954120
545;9431;-0.0023;-0.6331;-1.1561;0.0896;21.954124
545;9432;-0.0024;-0.6333;-1.1582;0.0880;21.954128
545;9433;-0.0024;-0.6337;-1.1605;0.0878;21.954132
545;9434;-0.0024;-0.6339;-1.1626;0.0892;21.954136
545;9435;-0.0024;-0.6336;-1.1637;0.0920;21.954140
545;9436;-0.0024;-0.6336;-1.1655;0.0973;21.954144
545;9437;-0.0024;-0.6337;-1.1673;0.1031;21.954148
545;9438;-0.0024;-0.6336;-1.1689;0.1029;21.954152
545;9439;-0.0024;-0.6341;-1.1715;0.0959;21.954156
545;9440;-0.0024;-0.6349;-1.1748;0.0898;21.954160
545;9441;-0.0024;-0.6351;-1.1768;0.0875;21.954164
545;9442;-0.0024;-0.6344;-1.1772;0.0872;21.954168
545;9443;-0.0024;-0.6340;-1.1781;0.0874;21.954172
545;9444;-0.0024;-0.6340;-1.1800;0.0873;21.954176
545;9445;-0.0024;-0.6343;-1.1823;0.0869;21.954180
545;9446;-0.0024;-0.6347;-1.1847;0.0873;21.954184
545;9447;-0.0024;-0.6351;-1.1873;0.0877;21.954188
545;9448;-0.0024;-0.6351;-1.1889;0.0880;21.954192
545;9449;-0.0024;-0.6347;-1.1901;0.0886;21.954196
545;9450;-0.0024;-0.6351;-1.1925;0.0890;21.954200
545;9451;-0.0024;-0.6354;-1.1947;0.0903;21.954204
545;9452;-0.0024;-0.6353;-1.1964;0.0911;21.954208
545;9453;-0.0024;-0.6353;-1.1982;0.0919;21.954212
545;9454;-0.0024;-0.6356;-1.2005;0.0926;21.954216
545;9455;-0.0024;-0.6361;-1.2033;0.0912;21.954220
545;9456;-0.0024;-0.6359;-1.2046;0.0898;21.954224
545;9457;-0.0024;-0.6357;-1.2061;0.0894;21.954228
545;9458;-0.0025;-0.6359;-1.2082;0.0896;21.954232
545;9459;-0.0025;-0.6361;-1.2104;0.0893;21.954236
545;9460;-0.0025;-0.6363;-1.2126;0.0893;21.954240
545;9461;-0.0025;-0.6362;-1.2142;0.0881;21.954244
545;9462;-0.0025;-0.6360;-1.2157;0.0876;21.954248
545;9463;-0.0025;-0.6356;-1.2167;0.0889;21.954252
545;9464;-0.0025;-0.6354;-1.2181;0.0907;21.954256
545;9465;-0.0025;-0.6355;-1.2201;0.0909;21.954260
545;9466;-0.0025;-0.6356;-1.2222;0.0906;21.954264
545;9467;-0.0025;-0.6361;-1.2250;0.0908;21.954268
545;9468;-0.0025;-0.6368;-1.2281;0.0919;21.954272
545;9469;-0.0025;-0.6373;-1.2309;0.0923;21.954276
545;9470;-0.0025;-0.6369;-1.2322;0.0925;21.954280
545;9471;-0.0025;-0.6366;-1.2334;0.0929;21.954284
545;9472;-0.0025;-0.6368;-1.2356;0.0928;21.954288
545;9473;-0.0025;-0.6369;-1.2377;0.0930;21.954292
545;9474;-0.0025;-0.6369;-1.2395;0.0927;21.954296
545;9475;-0.0025;-0.6367;-1.2411;0.0916;21.954300
545;9476;-0.0025;-0.6367;-1.2428;0.0912;21.954304
545;9477;-0.0025;-0.6364;-1.2442;0.0913;21.954308
545;9478;-0.0025;-0.6364;-1.2460;0.0912;21.954312
545;9479;-0.0025;-0.6365;-1.2481;0.0902;21.954316
545;9480;-0.0025;-0.6368;-1.2507;0.0915;21.954320
545;9481;-0.0025;-0.6370;-1.2530;0.0945;21.954324
545;9482;-0.0025;-0.6368;-1.2544;0.0977;21.954328
545;9483;-0.0025;-0.6366;-1.2560;0.0997;21.954332
545;9484;-0.0026;-0.6371;-1.2589;0.0990;21.954336
545;9485;-0.0026;-0.6378;-1.2622;0.0993;21.954340
545;9486;-0.0026;-0.6380;-1.2645;0.0998;21.954344
545;9487;-0.0026;-0.6381;-1.2666;0.0996;21.954348
545;9488;-0.0026;-0.6381;-1.2686;0.0984;21.954352
545;9489;-0.0026;-0.6378;-1.2700;0.0948;21.954356
545;9490;-0.0026;-0.6379;-1.2720;0.0920;21.954360
545;9491;-0.0026;-0.6381;-1.2745;0.0916;21.954364
545;9492;-0.0026;-0.6384;-1.2769;0.0930;21.954368
545;9493;-0.0026;-0.6385;-1.2792;0.0941;21.954372
545;9494;-0.0026;-0.6390;-1.2821;0.0933;21.954376
545;9495;-0.0026;-0.6394;-1.2848;0.0922;21.954380
545;9496;-0.0026;-0.6395;-1.2872;0.0925;21.954384
545;9497;-0.0026;-0.6397;-1.2894;0.0939;21.954388
545;9498;-0.0026;-0.6396;-1.2912;0.0946;21.954392
545;9499;-0.0026;-0.6395;-1.2931;0.0956;21.954396
545;9500;-0.0026;-0.6397;-1.2953;0.0953;21.954400
545;9501;-0.0026;-0.6395;-1.2969;0.0935;21.954404
545;9502;-0.0026;-0.6392;-1.2984;0.0927;21.954408
545;9503;-0.0026;-0.6388;-1.2996;0.0931;21.954412
545;9504;-0.0026;-0.6384;-1.3009;0.0940;21.954416
545;9505;-0.0026;-0.6384;-1.3027;0.0951;21.954420
545;9506;-0.0026;-0.6384;-1.3049;0.0964;21.954424
545;9507;-0.0027;-0.6386;-1.3072;0.0957;21.954428
545;9508;-0.0027;-0.6389;-1.3099;0.0941;21.954432
545;9509;-0.0027;-0.6392;-1.3126;0.0936;21.954436
545;9510;-0.0027;-0.6394;-1.3151;0.0928;21.954440
545;9511;-0.0027;-0.6395;-1.3174;0.0930;21.954444
545;9512;-0.0027;-0.6393;-1.3190;0.0930;21.954448
545;9513;-0.0027;-0.6390;-1.3204;0.0926;21.954452
545;9514;-0.0027;-0.6388;-1.3220;0.0921;21.954456
545;9515;-0.0027;-0.6389;-1.3243;0.0908;21.954460
545;9516;-0.0027;-0.6389;-1.3265;0.0905;21.954464
545;9517;-0.0027;-0.6386;-1.3280;0.0911;21.954468
545;9518;-0.0027;-0.6385;-1.3298;0.0918;21.954472
545;9519;-0.0027;-0.6387;-1.3324;0.0921;21.954476
545;9520;-0.0027;-0.6390;-1.3350;0.0912;21.954480
545;9521;-0.0027;-0.6393;-1.3378;0.0917;21.954484
545;9522;-0.0027;-0.6397;-1.3406;0.0940;21.954488
545;9523;-0.0027;-0.6399;-1.3432;0.0971;21.954492
545;9524;-0.0027;-0.6398;-1.3452;0.0988;21.954496
545;9525;-0.0027;-0.6396;-1.3468;0.0982;21.954500
545;9526;-0.0027;-0.6397;-1.3491;0.0989;21.954504
545;9527;-0.0027;-0.6397;-1.3512;0.1010;21.954508
545;9528;-0.0027;-0.6393;-1.3526;0.1056;21.954512
545;9529;-0.0027;-0.6392;-1.3545;0.1093;21.954516
545;9530;-0.0028;-0.6397;-1.3578;0.1060;21.954520
545;9531;-0.0028;-0.6403;-1.3611;0.1005;21.954524
545;9532;-0.0028;-0.6405;-1.3638;0.0966;21.954528
545;9533;-0.0028;-0.6407;-1.3663;0.0954;21.954532
545;9534;-0.0028;-0.6410;-1.3692;0.0952;21.954536
545;9535;-0.0028;-0.6413;-1.3721;0.0957;21.954540
545;9536;-0.0028;-0.6411;-1.3740;0.0960;21.954544
545;9537;-0.0028;-0.6408;-1.3754;0.0972;21.954548
545;9538;-0.0028;-0.6410;-1.3780;0.0988;21.954552
545;9539;-0.0028;-0.6413;-1.3810;0.0993;21.954556
545;9540;-0.0028;-0.6416;-1.3837;0.1000;21.954560
545;9541;-0.0028;-0.6420;-1.3870;0.1007;21.954564
545;9542;-0.0028;-0.6425;-1.3901;0.1015;21.954568
545;9543;-0.0028;-0.6424;-1.3920;0.1031;21.954572
545;9544;-0.0028;-0.6419;-1.3934;0.1041;21.954576
545;9545;-0.0028;-0.6415;-1.3947;0.1049;21.954580
545;9546;-0.0028;-0.6416;-1.3971;0.1060;21.954584
545;9547;-0.0028;-0.6419;-1.4001;0.1068;21.954588
545;9548;-0.0028;-0.6418;-1.4022;0.1101;21.954592
545;9549;-0.0028;-0.6414;-1.4037;0.1142;21.954596
545;9550;-0.0028;-0.6411;-1.4052;0.1175;21.954600
545;9551;-0.0029;-0.6409;-1.4071;0.1217;21.954604
545;9552;-0.0029;-0.6412;-1.4100;0.1266;21.954608
545;9553;-0.0029;-0.6413;-1.4125;0.1298;21.954612
545;9554;-0.0029;-0.6413;-1.4148;0.1331;21.954616
545;9555;-0.0029;-0.6414;-1.4173;0.1364;21.954620
545;9556;-0.0029;-0.6411;-1.4191;0.1421;21.954624
545;9557;-0.0029;-0.6409;-1.4209;0.1487;21.954628
545;9558;-0.0029;-0.6407;-1.4229;0.1550;21.954632
545;9559;-0.0029;-0.6407;-1.4252;0.1623;21.954636
545;9560;-0.0029;-0.6406;-1.4272;0.1721;21.954640
545;9561;-0.0029;-0.6403;-1.4289;0.1868;21.954644
545;9562;-0.0029;-0.6400;-1.4306;0.2080;21.954648
545;9563;-0.0029;-0.6396;-1.4320;0.2398;21.954652
545;9564;-0.0029;-0.6392;-1.4335;0.2887;21.954656
545;9565;-0.0029;-0.6388;-1.4349;0.3604;21.954660
545;9566;-0.0029;-0.6382;-1.4362;0.4551;21.954664
545;9567;-0.0029;-0.6375;-1.4368;0.5572;21.954668
545;9568;-0.0029;-0.6367;-1.4373;0.6778;21.954672
545;9569;-0.0029;-0.6359;-1.4379;0.8374;21.954676
545;9570;-0.0029;-0.6349;-1.4382;1.0188;21.954680
545;9571;-0.0029;-0.6341;-1.4385;1.1719;21.954684
545;9572;-0.0029;-0.6330;-1.4387;1.2723;21.954688
545;9573;-0.0029;-0.6320;-1.4386;1.3192;21.954692
545;9574;-0.0029;-0.6309;-1.4385;1.3257;21.954696
545;9575;-0.0029;-0.6299;-1.4385;1.3047;21.954700
545;9576;-0.0029;-0.6288;-1.4387;1.2609;21.954704
545;9577;-0.0029;-0.6278;-1.4388;1.2086;21.954708
545;9578;-0.0029;-0.6268;-1.4388;1.1475;21.954712
545;9579;-0.0029;-0.6257;-1.4387;1.0953;21.954716
545;9580;-0.0029;-0.6246;-1.4386;1.0423;21.954720
545;9581;-0.0029;-0.6235;-1.4384;0.9844;21.954724
545;9582;-0.0029;-0.6224;-1.4383;0.9314;21.954728
545;9583;-0.0029;-0.6213;-1.4382;0.8947;21.954732
545;9584;-0.0029;-0.6203;-1.4383;0.8661;21.954736
545;9585;-0.0029;-0.6192;-1.4383;0.8425;21.954740
545;9586;-0.0029;-0.6182;-1.4383;0.8302;21.954744
545;9587;-0.0029;-0.6171;-1.4383;0.8188;21.954748
545;9588;-0.0029;-0.6161;-1.4382;0.8098;21.954752
545;9589;-0.0029;-0.6151;-1.4384;0.8082;21.954756
545;9590;-0.0029;-0.6140;-1.4383;0.8050;21.954760
545;9591;-0.0029;-0.6129;-1.4380;0.7992;21.954764
545;9592;-0.0029;-0.6118;-1.4381;0.7960;21.954768
545;9593;-0.0029;-0.6108;-1.4381;0.7992;21.954772
545;9594;-0.0029;-0.6098;-1.4383;0.8074;21.954776
545;9595;-0.0029;-0.6088;-1.4382;0.8123;21.954780
545;9596;-0.0029;-0.6078;-1.4383;0.8090;21.954784
545;9597;-0.0029;-0.6067;-1.4382;0.8025;21.954788
545;9598;-0.0029;-0.6057;-1.4383;0.8033;21.954792
545;9599;-0.0029;-0.6047;-1.4383;0.8123;21.954796
545;9600;-0.0029;-0.6036;-1.4383;0.8200;21.954800
545;9601;-0.0029;-0.6027;-1.4384;0.8175;21.954804
545;9602;-0.0029;-0.6016;-1.4385;0.8150;21.954808
545;9603;-0.0029;-0.6006;-1.4385;0.8084;21.954812
545;9604;-0.0029;-0.5995;-1.4385;0.8027;21.954816
545;9605;-0.0029;-0.5984;-1.4383;0.8068;21.954820
545;9606;-0.0029;-0.5975;-1.4385;0.8052;21.954824
545;9607;-0.0029;-0.5965;-1.4385;0.7896;21.954828
545;9608;-0.0029;-0.5953;-1.4383;0.7723;21.954832
545;9609;-0.0029;-0.5943;-1.4381;0.7690;21.954836
545;9610;-0.0029;-0.5932;-1.4381;0.7731;21.954840
545;9611;-0.0029;-0.5922;-1.4380;0.7756;21.954844
545;9612;-0.0029;-0.5910;-1.4378;0.7781;21.954848
545;9613;-0.0029;-0.5899;-1.4378;0.7830;21.954852
545;9614;-0.0029;-0.5891;-1.4381;0.7928;21.954856
545;9615;-0.0029;-0.5881;-1.4382;0.8011;21.954860
545;9616;-0.0029;-0.5871;-1.4382;0.8043;21.954864
545;9617;-0.0029;-0.5860;-1.4383;0.8060;21.954868
545;9618;-0.0029;-0.5849;-1.4380;0.8027;21.954872
545;9619;-0.0029;-0.5839;-1.4380;0.7904;21.954876
545;9620;-0.0029;-0.5828;-1.4381;0.7846;21.954880
545;9621;-0.0029;-0.5820;-1.4384;0.7920;21.954884
545;9622;-0.0029;-0.5809;-1.4383;0.7961;21.954888
545;9623;-0.0029;-0.5799;-1.4383;0.7887;21.954892
545;9624;-0.0029;-0.5789;-1.4383;0.7822;21.954896
545;9625;-0.0029;-0.5778;-1.4382;0.7847;21.954900
545;9626;-0.0029;-0.5767;-1.4380;0.7830;21.954904
545;9627;-0.0029;-0.5757;-1.4380;0.7855;21.954908
545;9628;-0.0029;-0.5747;-1.4381;0.7855;21.954912
545;9629;-0.0029;-0.5737;-1.4381;0.7764;21.954916
545;9630;-0.0029;-0.5726;-1.4380;0.7722;21.954920
545;9631;-0.0029;-0.5717;-1.4381;0.7813;21.954924
545;9632;-0.0029;-0.5706;-1.4382;0.7896;21.954928
545;9633;-0.0029;-0.5696;-1.4381;0.7847;21.954932
545;9634;-0.0029;-0.5685;-1.4379;0.7764;21.954936
545;9635;-0.0029;-0.5674;-1.4378;0.7714;21.954940
545;9636;-0.0029;-0.5664;-1.4378;0.7731;21.954944
545;9637;-0.0029;-0.5654;-1.4378;0.7747;21.954948
545;9638;-0.0029;-0.5644;-1.4380;0.7772;21.954952
545;9639;-0.0029;-0.5635;-1.4380;0.7764;21.954956
545;9640;-0.0029;-0.5623;-1.4378;0.7714;21.954960
545;9641;-0.0029;-0.5613;-1.4379;0.7706;21.954964
545;9642;-0.0029;-0.5604;-1.4381;0.7739;21.954968
545;9643;-0.0029;-0.5594;-1.4381;0.7764;21.954972
545;9644;-0.0029;-0.5583;-1.4379;0.7780;21.954976
545;9645;-0.0029;-0.5573;-1.4380;0.7813;21.954980
545;9646;-0.0029;-0.5563;-1.4379;0.7888;21.954984
545;9647;-0.0029;-0.5554;-1.4383;0.7962;21.954988
545;9648;-0.0029;-0.5545;-1.4385;0.7896;21.954992
545;9649;-0.0029;-0.5535;-1.4385;0.7714;21.954996
545;9650;-0.0029;-0.5523;-1.4382;0.7623;21.955000
545;9651;-0.0029;-0.5513;-1.4381;0.7780;21.955004
545;9652;-0.0029;-0.5502;-1.4378;0.8097;21.955008
545;9653;-0.0029;-0.5492;-1.4379;0.8163;21.955012
545;9654;-0.0029;-0.5483;-1.4380;0.8097;21.955016
545;9655;-0.0029;-0.5472;-1.4381;0.8038;21.955020
545;9656;-0.0029;-0.5461;-1.4379;0.7946;21.955024
545;9657;-0.0029;-0.5452;-1.4381;0.7863;21.955028
545;9658;-0.0029;-0.5443;-1.4383;0.7846;21.955032
545;9659;-0.0029;-0.5433;-1.4382;0.7813;21.955036
545;9660;-0.0029;-0.5422;-1.4383;0.7730;21.955040
545;9661;-0.0029;-0.5411;-1.4379;0.7638;21.955044
545;9662;-0.0029;-0.5401;-1.4379;0.7621;21.955048
545;9663;-0.0029;-0.5392;-1.4381;0.7596;21.955052
545;9664;-0.0029;-0.5382;-1.4383;0.7471;21.955056
545;9665;-0.0029;-0.5373;-1.4384;0.7354;21.955060
545;9666;-0.0029;-0.5363;-1.4384;0.7271;21.955064
545;9667;-0.0029;-0.5352;-1.4382;0.7179;21.955068
545;9668;-0.0029;-0.5342;-1.4383;0.7088;21.955072
545;9669;-0.0029;-0.5332;-1.4382;0.7063;21.955076
545;9670;-0.0029;-0.5322;-1.4384;0.7054;21.955080
545;9671;-0.0029;-0.5312;-1.4384;0.7004;21.955084
545;9672;-0.0029;-0.5302;-1.4384;0.6929;21.955088
545;9673;-0.0029;-0.5293;-1.4384;0.6821;21.955092
545;9674;-0.0029;-0.5283;-1.4385;0.6671;21.955096
545;9675;-0.0029;-0.5273;-1.4384;0.6462;21.955100
545;9676;-0.0029;-0.5263;-1.4385;0.6304;21.955104
545;9677;-0.0029;-0.5254;-1.4387;0.6229;21.955108
545;9678;-0.0029;-0.5244;-1.4387;0.6212;21.955112
545;9679;-0.0029;-0.5233;-1.4385;0.6195;21.955116
545;9680;-0.0029;-0.5223;-1.4385;0.6145;21.955120
545;9681;-0.0029;-0.5213;-1.4386;0.6020;21.955124
545;9682;-0.0029;-0.5204;-1.4388;0.5899;21.955128
545;9683;-0.0029;-0.5194;-1.4387;0.5680;21.955132
545;9684;-0.0029;-0.5183;-1.4386;0.5302;21.955136
545;9685;-0.0029;-0.5174;-1.4387;0.4765;21.955140
545;9686;-0.0029;-0.5164;-1.4388;0.4109;21.955144
545;9687;-0.0029;-0.5155;-1.4391;0.3412;21.955148
545;9688;-0.0029;-0.5146;-1.4394;0.2731;21.955152
545;9689;-0.0029;-0.5137;-1.4395;0.2092;21.955156
545;9690;-0.0029;-0.5129;-1.4400;0.1504;21.955160
545;9691;-0.0029;-0.5122;-1.4411;0.1024;21.955164
545;9692;-0.0029;-0.5123;-1.4439;0.0663;21.955168
545;9693;-0.0029;-0.5124;-1.4472;0.0423;21.955172
545;9694;-0.0029;-0.5122;-1.4495;0.0271;21.955176
545;9695;-0.0029;-0.5134;-1.4556;0.0181;21.955180
545;9696;-0.0015;-0.2769;-0.7867;0.0268;21.955184
545;9697;-0.0015;-0.2805;-0.7984;0.0242;21.955188
545;9698;-0.0015;-0.2832;-0.8077;0.0236;21.955192
545;9699;-0.0015;-0.2847;-0.8136;0.0239;21.955196
545;9700;-0.0015;-0.2854;-0.8173;0.0252;21.955200
545;9701;-0.0015;-0.2865;-0.8221;0.0260;21.955204
545;9702;-0.0015;-0.2863;-0.8231;0.0280;21.955208
545;9703;-0.0015;-0.2863;-0.8246;0.0312;21.955212
545;9704;-0.0016;-0.2862;-0.8261;0.0348;21.955216
545;9705;-0.0016;-0.2859;-0.8268;0.0386;21.955220
545;9706;-0.0016;-0.2861;-0.8290;0.0415;21.955224
545;9707;-0.0016;-0.2851;-0.8277;0.0433;21.955228
545;9708;-0.0003;-0.0501;-0.1456;0.0604;21.955232
545;9709;-0.0003;-0.0500;-0.1457;0.0639;21.955236
545;9710;-0.0003;-0.0502;-0.1467;0.0679;21.955240
545;9711;-0.0003;-0.0508;-0.1486;0.0688;21.955244
545;9712;-0.0003;-0.0513;-0.1503;0.0685;21.955248
545;9713;-0.0003;-0.0508;-0.1493;0.0705;21.955252
545;9714;-0.0003;-0.0497;-0.1462;0.0753;21.955256
545;9715;-0.0003;-0.0495;-0.1460;0.0781;21.955260
545;9716;-0.0003;-0.0499;-0.1474;0.0784;21.955264
545;9717;-0.0003;-0.0498;-0.1476;0.0792;21.955268
545;9718;-0.0003;-0.0493;-0.1463;0.0809;21.955272
545;9719;-0.0003;-0.0488;-0.1451;0.0809;21.955276
545;9720;-0.0003;-0.0480;-0.1431;0.0797;21.955280
545;9721;-0.0003;-0.0472;-0.1411;0.0809;21.955284
545;9722;-0.0003;-0.0468;-0.1401;0.0824;21.955288
545;9723;-0.0003;-0.0464;-0.1393;0.0836;21.955292
545;9724;-0.0003;-0.0461;-0.1386;0.0837;21.955296
545;9725;-0.0003;-0.0453;-0.1365;0.0832;21.955300
545;9726;-0.0002;-0.0446;-0.1347;0.0825;21.955304
545;9727;-0.0002;-0.0443;-0.1341;0.0819;21.955308
545;9728;-0.0002;-0.0445;-0.1347;0.0810;21.955312
545;9729;-0.0002;-0.0442;-0.1343;0.0793;21.955316
545;9730;-0.0002;-0.0439;-0.1337;0.0782;21.955320
545;9731;-0.0002;-0.0437;-0.1333;0.0791;21.955324
545;9732;-0.0002;-0.0434;-0.1325;0.0804;21.955328
545;9733;-0.0002;-0.0426;-0.1303;0.0805;21.955332
545;9734;-0.0002;-0.0418;-0.1283;0.0797;21.955336
545;9735;-0.0002;-0.0414;-0.1272;0.0794;21.955340
545;9736;-0.0002;-0.0408;-0.1255;0.0790;21.955344
545;9737;-0.0002;-0.0404;-0.1246;0.0776;21.955348
545;9738;-0.0002;-0.0405;-0.1251;0.0758;21.955352
545;9739;-0.0002;-0.0405;-0.1255;0.0748;21.955356
545;9740;-0.0002;-0.0399;-0.1240;0.0750;21.955360
545;9741;-0.0002;-0.0394;-0.1225;0.0755;21.955364
545;9742;-0.0002;-0.0390;-0.1217;0.0741;21.955368
545;9743;-0.0002;-0.0384;-0.1199;0.0731;21.955372
545;9744;-0.0002;-0.0379;-0.1186;0.0724;21.955376
545;9745;-0.0002;-0.0374;-0.1174;0.0709;21.955380
545;9746;-0.0002;-0.0373;-0.1174;0.0704;21.955384
545;9747;-0.0002;-0.0377;-0.1189;0.0709;21.955388
545;9748;-0.0002;-0.0375;-0.1185;0.0701;21.955392
545;9749;-0.0002;-0.0372;-0.1177;0.0682;21.955396
545;9750;-0.0002;-0.0365;-0.1159;0.0676;21.955400
545;9751;-0.0002;-0.0362;-0.1152;0.0677;21.955404
545;9752;-0.0002;-0.0370;-0.1179;0.0665;21.955408
545;9753;-0.0002;-0.0371;-0.1186;0.0653;21.955412
545;9754;-0.0002;-0.0362;-0.1160;0.0647;21.955416
545;9755;-0.0002;-0.0334;-0.1071;0.0651;21.955420
545;9756;-0.0002;-0.0328;-0.1054;0.0659;21.955424
545;9757;-0.0002;-0.0329;-0.1059;0.0656;21.955428
545;9758;-0.0002;-0.0324;-0.1046;0.0647;21.955432
545;9759;-0.0002;-0.0319;-0.1031;0.0640;21.955436
545;9760;-0.0002;-0.0319;-0.1033;0.0641;21.955440
545;9761;-0.0002;-0.0319;-0.1037;0.0643;21.955444
545;9762;-0.0002;-0.0317;-0.1031;0.0631;21.955448
545;9763;-0.0002;-0.0319;-0.1040;0.0624;21.955452
545;9764;-0.0002;-0.0317;-0.1038;0.0624;21.955456
545;9765;-0.0002;-0.0315;-0.1034;0.0629;21.955460
545;9766;-0.0002;-0.0309;-0.1016;0.0629;21.955464
545;9767;-0.0002;-0.0301;-0.0992;0.0630;21.955468
545;9768;-0.0002;-0.0296;-0.0977;0.0638;21.955472
545;9769;-0.0002;-0.0294;-0.0972;0.0645;21.955476
545;9770;-0.0002;-0.0296;-0.0981;0.0636;21.955480
545;9771;-0.0002;-0.0298;-0.0990;0.0615;21.955484
545;9772;-0.0002;-0.0296;-0.0984;0.0606;21.955488
545;9773;-0.0002;-0.0293;-0.0977;0.0621;21.955492
545;9774;-0.0002;-0.0296;-0.0989;0.0627;21.955496
545;9775;-0.0002;-0.0296;-0.0991;0.0615;21.955500
545;9776;-0.0002;-0.0289;-0.0972;0.0603;21.955504
545;9777;-0.0002;-0.0279;-0.0940;0.0598;21.955508
545;9778;-0.0002;-0.0278;-0.0937;0.0592;21.955512
545;9779;-0.0002;-0.0277;-0.0936;0.0586;21.955516
545;9780;-0.0002;-0.0273;-0.0925;0.0593;21.955520
545;9781;-0.0002;-0.0274;-0.0930;0.0589;21.955524
545;9782;-0.0002;-0.0275;-0.0934;0.0584;21.955528
545;9783;-0.0002;-0.0271;-0.0923;0.0587;21.955532
545;9784;-0.0002;-0.0266;-0.0911;0.0596;21.955536
545;9785;-0.0002;-0.0264;-0.0904;0.0616;21.955540
545;9786;-0.0002;-0.0260;-0.0893;0.0621;21.955544
545;9787;-0.0002;-0.0263;-0.0905;0.0619;21.955548
545;9788;-0.0002;-0.0266;-0.0917;0.0620;21.955552
545;9789;-0.0002;-0.0262;-0.0905;0.0610;21.955556
545;9790;-0.0002;-0.0256;-0.0887;0.0603;21.955560
545;9791;-0.0002;-0.0256;-0.0889;0.0600;21.955564
545;9792;-0.0002;-0.0255;-0.0887;0.0613;21.955568
545;9793;-0.0002;-0.0247;-0.0861;0.0637;21.955572
545;9794;-0.0002;-0.0238;-0.0835;0.0642;21.955576
545;9795;-0.0002;-0.0234;-0.0821;0.0640;21.955580
545;9796;-0.0002;-0.0231;-0.0812;0.0635;21.955584
545;9797;-0.0002;-0.0231;-0.0813;0.0628;21.955588
545;9798;-0.0002;-0.0236;-0.0835;0.0621;21.955592
545;9799;-0.0002;-0.0238;-0.0842;0.0622;21.955596
545;9800;-0.0002;-0.0235;-0.0835;0.0637;21.955600
545;9801;-0.0002;-0.0232;-0.0826;0.0651;21.955604
545;9802;-0.0002;-0.0227;-0.0809;0.0657;21.955608
545;9803;-0.0002;-0.0226;-0.0806;0.0657;21.955612
545;9804;-0.0002;-0.0225;-0.0807;0.0652;21.955616
545;9805;-0.0001;-0.0216;-0.0775;0.0645;21.955620
545;9806;-0.0001;-0.0207;-0.0745;0.0667;21.955624
545;9807;-0.0001;-0.0206;-0.0742;0.0697;21.955628
545;9808;-0.0001;-0.0202;-0.0731;0.0720;21.955632
545;9809;-0.0001;-0.0200;-0.0724;0.0738;21.955636
545;9810;-0.0001;-0.0201;-0.0731;0.0746;21.955640
545;9811;-0.0001;-0.0202;-0.0738;0.0753;21.955644
545;9812;-0.0001;-0.0205;-0.0747;0.0753;21.955648
545;9813;-0.0001;-0.0200;-0.0731;0.0758;21.955652
545;9814;-0.0001;-0.0195;-0.0716;0.0772;21.955656
545;9815;-0.0001;-0.0195;-0.0717;0.0804;21.955660
545;9816;-0.0001;-0.0194;-0.0716;0.0831;21.955664
545;9817;-0.0001;-0.0193;-0.0712;0.0858;21.955668
545;9818;-0.0001;-0.0193;-0.0714;0.0894;21.955672
545;9819;-0.0001;-0.0191;-0.0711;0.0917;21.955676
545;9820;-0.0001;-0.0191;-0.0711;0.0921;21.955680
545;9821;-0.0001;-0.0189;-0.0704;0.0947;21.955684
545;9822;-0.0001;-0.0183;-0.0683;0.1001;21.955688
545;9823;-0.0001;-0.0175;-0.0655;0.1043;21.955692
545;9824;-0.0001;-0.0174;-0.0654;0.1071;21.955696
545;9825;-0.0001;-0.0174;-0.0657;0.1086;21.955700
545;9826;-0.0001;-0.0172;-0.0649;0.1109;21.955704
545;9827;-0.0001;-0.0169;-0.0639;0.1136;21.955708
545;9828;-0.0001;-0.0167;-0.0635;0.1168;21.955712
545;9829;-0.0001;-0.0165;-0.0627;0.1215;21.955716
545;9830;-0.0001;-0.0165;-0.0629;0.1258;21.955720
545;9831;-0.0001;-0.0165;-0.0631;0.1303;21.955724
545;9832;-0.0001;-0.0164;-0.0629;0.1360;21.955728
545;9833;-0.0001;-0.0164;-0.0631;0.1428;21.955732
545;9834;-0.0001;-0.0165;-0.0635;0.1482;21.955736
545;9835;-0.0001;-0.0162;-0.0626;0.1524;21.955740
545;9836;-0.0001;-0.0157;-0.0609;0.1558;21.955744
545;9837;-0.0001;-0.0154;-0.0599;0.1604;21.955748
545;9838;-0.0001;-0.0154;-0.0599;0.1658;21.955752
545;9839;-0.0001;-0.0155;-0.0606;0.1716;21.955756
545;9840;-0.0001;-0.0155;-0.0607;0.1779;21.955760
545;9841;-0.0001;-0.0155;-0.0607;0.1844;21.955764
545;9842;-0.0001;-0.0153;-0.0603;0.1904;21.955768
545;9843;-0.0001;-0.0152;-0.0601;0.1975;21.955772
545;9844;-0.0001;-0.0151;-0.0596;0.2060;21.955776
545;9845;-0.0001;-0.0149;-0.0589;0.2138;21.955780
545;9846;-0.0001;-0.0147;-0.0585;0.2208;21.955784
545;9847;-0.0001;-0.0146;-0.0581;0.2293;21.955788
545;9848;-0.0001;-0.0145;-0.0581;0.2377;21.955792
545;9849;-0.0001;-0.0144;-0.0578;0.2459;21.955796
545;9850;-0.0001;-0.0140;-0.0561;0.2544;21.955800
545;9851;-0.0001;-0.0138;-0.0556;0.2639;21.955804
545;9852;-0.0001;-0.0139;-0.0561;0.2724;21.955808
545;9853;-0.0001;-0.0139;-0.0561;0.2809;21.955812
545;9854;-0.0001;-0.0139;-0.0563;0.2915;21.955816
545;9855;-0.0001;-0.0140;-0.0568;0.3001;21.955820
545;9856;-0.0001;-0.0141;-0.0575;0.3086;21.955824
545;9857;-0.0001;-0.0140;-0.0573;0.3171;21.955828
545;9858;-0.0001;-0.0139;-0.0572;0.3256;21.955832
545;9859;-0.0001;-0.0139;-0.0570;0.3341;21.955836
545;9860;-0.0001;-0.0137;-0.0567;0.3447;21.955840
545;9861;-0.0001;-0.0137;-0.0569;0.3575;21.955844
545;9862;-0.0001;-0.0137;-0.0569;0.3681;21.955848
545;9863;-0.0001;-0.0135;-0.0560;0.3767;21.955852
545;9864;-0.0001;-0.0133;-0.0555;0.3852;21.955856
545;9865;-0.0001;-0.0134;-0.0559;0.3958;21.955860
545;9866;-0.0001;-0.0134;-0.0560;0.4086;21.955864
545;9867;-0.0001;-0.0133;-0.0557;0.4213;21.955868
545;9868;-0.0001;-0.0131;-0.0551;0.4341;21.955872
545;9869;-0.0001;-0.0129;-0.0546;0.4448;21.955876
545;9870;-0.0001;-0.0128;-0.0544;0.4533;21.955880
545;9871;-0.0001;-0.0128;-0.0546;0.4618;21.955884
545;9872;-0.0001;-0.0130;-0.0553;0.4703;21.955888
545;9873;-0.0001;-0.0130;-0.0556;0.4831;21.955892
545;9874;-0.0001;-0.0129;-0.0554;0.4980;21.955896
545;9875;-0.0001;-0.0128;-0.0549;0.5107;21.955900
545;9876;-0.0001;-0.0126;-0.0544;0.5235;21.955904
545;9877;-0.0001;-0.0126;-0.0543;0.5363;21.955908
545;9878;-0.0001;-0.0126;-0.0547;0.5469;21.955912
545;9879;-0.0001;-0.0126;-0.0550;0.5597;21.955916
545;9880;-0.0001;-0.0126;-0.0548;0.5724;21.955920
545;9881;-0.0001;-0.0124;-0.0541;0.5831;21.955924
545;9882;-0.0001;-0.0123;-0.0538;0.5958;21.955928
545;9883;-0.0001;-0.0122;-0.0536;0.6065;21.955932
545;9884;-0.0001;-0.0122;-0.0538;0.6150;21.955936
545;9885;-0.0001;-0.0123;-0.0543;0.6235;21.955940
545;9886;-0.0001;-0.0123;-0.0547;0.6342;21.955944
545;9887;-0.0001;-0.0123;-0.0545;0.6469;21.955948
545;9888;-0.0001;-0.0123;-0.0548;0.6597;21.955952
545;9889;-0.0001;-0.0124;-0.0552;0.6725;21.955956
545;9890;-0.0001;-0.0123;-0.0552;0.6852;21.955960
545;9891;-0.0001;-0.0122;-0.0548;0.7001;21.955964
545;9892;-0.0001;-0.0121;-0.0544;0.7108;21.955968
545;9893;-0.0001;-0.0120;-0.0541;0.7193;21.955972
545;9894;-0.0001;-0.0119;-0.0539;0.7299;21.955976
545;9895;-0.0001;-0.0119;-0.0542;0.7384;21.955980
545;9896;-0.0001;-0.0119;-0.0542;0.7491;21.955984
545;9897;-0.0001;-0.0117;-0.0537;0.7597;21.955988
545;9898;-0.0001;-0.0118;-0.0539;0.7725;21.955992
545;9899;-0.0001;-0.0117;-0.0539;0.7852;21.955996
545;9900;-0.0001;-0.0116;-0.0537;0.8001;21.956000
545;9901;-0.0001;-0.0115;-0.0533;0.8087;21.956004
545;9902;-0.0001;-0.0115;-0.0533;0.8193;21.956008
545;9903;-0.0001;-0.0114;-0.0533;0.8299;21.956012
545;9904;-0.0001;-0.0115;-0.0536;0.8427;21.956016
545;9905;-0.0001;-0.0116;-0.0542;0.8533;21.956020
545;9906;-0.0001;-0.0115;-0.0540;0.8619;21.956024
545;9907;-0.0001;-0.0113;-0.0534;0.8746;21.956028
545;9908;-0.0001;-0.0113;-0.0533;0.8874;21.956032
545;9909;-0.0001;-0.0113;-0.0534;0.8938;21.956036
545;9910;-0.0001;-0.0113;-0.0538;0.9044;21.956040
545;9911;-0.0001;-0.0113;-0.0538;0.9172;21.956044
545;9912;-0.0001;-0.0112;-0.0538;0.9278;21.956048
545;9913;-0.0001;-0.0112;-0.0538;0.9342;21.956052
545;9914;-0.0001;-0.0112;-0.0538;0.9342;21.956056
545;9915;-0.0001;-0.0111;-0.0537;0.9385;21.956060
545;9916;-0.0001;-0.0112;-0.0541;0.9491;21.956064
545;9917;-0.0001;-0.0112;-0.0543;0.9597;21.956068
545;9918;-0.0001;-0.0110;-0.0539;0.9661;21.956072
545;9919;-0.0001;-0.0110;-0.0537;0.9746;21.956076
545;9920;-0.0001;-0.0109;-0.0535;0.9789;21.956080
545;9921;-0.0001;-0.0109;-0.0537;0.9853;21.956084
545;9922;-0.0001;-0.0109;-0.0537;0.9917;21.956088
545;9923;-0.0001;-0.0109;-0.0539;1.0023;21.956092
545;9924;-0.0001;-0.0108;-0.0537;1.0151;21.956096
545;9925;-0.0001;-0.0107;-0.0534;1.0236;21.956100
545;9926;-0.0001;-0.0107;-0.0535;1.0278;21.956104
545;9927;-0.0001;-0.0108;-0.0539;1.0321;21.956108
545;9928;-0.0001;-0.0107;-0.0539;1.0427;21.956112
545;9929;-0.0001;-0.0106;-0.0537;1.0512;21.956116
545;9930;-0.0001;-0.0106;-0.0536;1.0576;21.956120
545;9931;-0.0001;-0.0105;-0.0533;1.0619;21.956124
545;9932;-0.0001;-0.0105;-0.0535;1.0661;21.956128
545;9933;-0.0001;-0.0105;-0.0536;1.0725;21.956132
545;9934;-0.0001;-0.0105;-0.0538;1.0789;21.956136
545;9935;-0.0001;-0.0105;-0.0540;1.0810;21.956140
545;9936;-0.0001;-0.0105;-0.0540;1.0874;21.956144
545;9937;-0.0001;-0.0104;-0.0538;1.0938;21.956148
545;9938;-0.0001;-0.0103;-0.0535;1.0981;21.956152
545;9939;-0.0001;-0.0102;-0.0533;1.1066;21.956156
545;9940;-0.0001;-0.0102;-0.0535;1.1130;21.956160
545;9941;-0.0001;-0.0102;-0.0535;1.1151;21.956164
545;9942;-0.0001;-0.0101;-0.0533;1.1193;21.956168
545;9943;-0.0001;-0.0101;-0.0533;1.1257;21.956172
545;9944;-0.0001;-0.0101;-0.0534;1.1300;21.956176
545;9945;-0.0001;-0.0100;-0.0534;1.1364;21.956180
545;9946;-0.0001;-0.0100;-0.0532;1.1428;21.956184
545;9947;-0.0001;-0.0100;-0.0534;1.1513;21.956188
545;9948;-0.0001;-0.0100;-0.0536;1.1555;21.956192
545;9949;-0.0001;-0.0099;-0.0537;1.1534;21.956196
545;9950;-0.0001;-0.0100;-0.0539;1.1491;21.956200
545;9951;-0.0001;-0.0099;-0.0537;1.1534;21.956204
545;9952;-0.0001;-0.0099;-0.0537;1.1619;21.956208
545;9953;-0.0001;-0.0098;-0.0536;1.1747;21.956212
545;9954;-0.0001;-0.0097;-0.0534;1.1789;21.956216
545;9955;-0.0001;-0.0097;-0.0532;1.1811;21.956220
545;9956;-0.0001;-0.0097;-0.0534;1.1811;21.956224
545;9957;-0.0001;-0.0097;-0.0537;1.1874;21.956228
545;9958;-0.0001;-0.0097;-0.0541;1.1896;21.956232
545;9959;-0.0001;-0.0097;-0.0541;1.1896;21.956236
545;9960;-0.0001;-0.0097;-0.0543;1.1917;21.956240
545;9961;-0.0001;-0.0096;-0.0541;1.1960;21.956244
545;9962;-0.0001;-0.0095;-0.0538;1.2002;21.956248
545;9963;-0.0001;-0.0094;-0.0535;1.2066;21.956252
545;9964;-0.0001;-0.0094;-0.0533;1.2130;21.956256
545;9965;-0.0001;-0.0094;-0.0537;1.2215;21.956260
545;9966;-0.0001;-0.0094;-0.0540;1.2257;21.956264
545;9967;-0.0001;-0.0094;-0.0542;1.2279;21.956268
545;9968;-0.0001;-0.0094;-0.0540;1.2300;21.956272
545;9969;-0.0001;-0.0093;-0.0538;1.2321;21.956276
545;9970;-0.0001;-0.0093;-0.0538;1.2364;21.956280
545;9971;-0.0001;-0.0092;-0.0538;1.2364;21.956284
545;9972;-0.0001;-0.0092;-0.0538;1.2364;21.956288
545;9973;-0.0001;-0.0092;-0.0540;1.2385;21.956292
545;9974;-0.0001;-0.0092;-0.0542;1.2449;21.956296
545;9975;-0.0001;-0.0092;-0.0542;1.2513;21.956300
545;9976;-0.0001;-0.0091;-0.0538;1.2555;21.956304
545;9977;-0.0001;-0.0090;-0.0537;1.2534;21.956308
545;9978;-0.0001;-0.0089;-0.0536;1.2534;21.956312
545;9979;-0.0001;-0.0089;-0.0538;1.2577;21.956316
545;9980;-0.0001;-0.0089;-0.0538;1.2619;21.956320
545;9981;-0.0001;-0.0088;-0.0534;1.2640;21.956324
545;9982;-0.0001;-0.0088;-0.0538;1.2640;21.956328
545;9983;-0.0001;-0.0089;-0.0541;1.2683;21.956332
545;9984;-0.0001;-0.0089;-0.0543;1.2747;21.956336
545;9985;-0.0001;-0.0088;-0.0541;1.2789;21.956340
545;9986;-0.0001;-0.0087;-0.0539;1.2768;21.956344
545;9987;-0.0001;-0.0087;-0.0538;1.2747;21.956348
545;9988;-0.0001;-0.0086;-0.0536;1.2747;21.956352
545;9989;-0.0001;-0.0086;-0.0534;1.2811;21.956356
545;9990;-0.0001;-0.0086;-0.0536;1.2896;21.956360
545;9991;-0.0001;-0.0085;-0.0536;1.2938;21.956364
545;9992;-0.0001;-0.0085;-0.0536;1.2981;21.956368
545;9993;-0.0001;-0.0085;-0.0536;1.3045;21.956372
545;9994;-0.0001;-0.0084;-0.0536;1.3109;21.956376
545;9995;-0.0001;-0.0084;-0.0536;1.3130;21.956380
545;9996;-0.0001;-0.0084;-0.0536;1.3087;21.956384
545;9997;-0.0001;-0.0083;-0.0537;1.3045;21.956388
545;9998;-0.0001;-0.0082;-0.0533;1.3045;21.956392
545;9999;-0.0001;-0.0082;-0.0533;1.3087;21.956396
